"Time","layer","Points:0","Points:1","Points:2","u.x","u.z","eta"
100.000000, 0, -0.393625, 0.000000, -0.541854, -0.003057, 0.000059, -0.017525
100.000000, 1, -0.393625, 0.000000, -0.437027, -0.005530, 0.000200, -0.017525
100.000000, 2, -0.393625, 0.000000, -0.352870, -0.010387, 0.000394, -0.017525
100.000000, 3, -0.393625, 0.000000, -0.285307, -0.017625, 0.000643, -0.017525
100.000000, 4, -0.393625, 0.000000, -0.231067, -0.027138, 0.000907, -0.017525
100.000000, 5, -0.393625, 0.000000, -0.187522, -0.038358, 0.001119, -0.017525
100.000000, 6, -0.393625, 0.000000, -0.152563, -0.050352, 0.001225, -0.017525
100.000000, 7, -0.393625, 0.000000, -0.124497, -0.062520, 0.001190, -0.017525
100.000000, 8, -0.393625, 0.000000, -0.101966, -0.074631, 0.001026, -0.017525
100.000000, 9, -0.393625, 0.000000, -0.083877, -0.086722, 0.000781, -0.017525
100.000000, 10, -0.393625, 0.000000, -0.069355, -0.098868, 0.000484, -0.017525
100.000000, 11, -0.393625, 0.000000, -0.057697, -0.110774, 0.000163, -0.017525
100.000000, 12, -0.393625, 0.000000, -0.048337, -0.121500, -0.000141, -0.017525
100.000000, 13, -0.393625, 0.000000, -0.040823, -0.130247, -0.000425, -0.017525
100.000000, 14, -0.393625, 0.000000, -0.034791, -0.136917, -0.000706, -0.017525
100.000000, 15, -0.393625, 0.000000, -0.029948, -0.142005, -0.000987, -0.017525
100.000000, 16, -0.393625, 0.000000, -0.026060, -0.146158, -0.001252, -0.017525
100.000000, 17, -0.393625, 0.000000, -0.022939, -0.149795, -0.001492, -0.017525
100.000000, 18, -0.393625, 0.000000, -0.020433, -0.153035, -0.001706, -0.017525
100.000000, 19, -0.393625, 0.000000, -0.018421, -0.155865, -0.001901, -0.017525
100.000000, 0, -0.390538, 0.000000, -0.541854, -0.003059, 0.000024, -0.017529
100.000000, 1, -0.390538, 0.000000, -0.437028, -0.005534, 0.000079, -0.017529
100.000000, 2, -0.390538, 0.000000, -0.352871, -0.010393, 0.000146, -0.017529
100.000000, 3, -0.390538, 0.000000, -0.285309, -0.017632, 0.000212, -0.017529
100.000000, 4, -0.390538, 0.000000, -0.231069, -0.027143, 0.000239, -0.017529
100.000000, 5, -0.390538, 0.000000, -0.187524, -0.038358, 0.000170, -0.017529
100.000000, 6, -0.390538, 0.000000, -0.152566, -0.050343, -0.000034, -0.017529
100.000000, 7, -0.390538, 0.000000, -0.124500, -0.062490, -0.000386, -0.017529
100.000000, 8, -0.390538, 0.000000, -0.101969, -0.074580, -0.000864, -0.017529
100.000000, 9, -0.390538, 0.000000, -0.083880, -0.086648, -0.001412, -0.017529
100.000000, 10, -0.390538, 0.000000, -0.069359, -0.098763, -0.001991, -0.017529
100.000000, 11, -0.390538, 0.000000, -0.057700, -0.110641, -0.002567, -0.017529
100.000000, 12, -0.390538, 0.000000, -0.048341, -0.121345, -0.003097, -0.017529
100.000000, 13, -0.390538, 0.000000, -0.040827, -0.130067, -0.003577, -0.017529
100.000000, 14, -0.390538, 0.000000, -0.034794, -0.136708, -0.004025, -0.017529
100.000000, 15, -0.390538, 0.000000, -0.029952, -0.141770, -0.004445, -0.017529
100.000000, 16, -0.390538, 0.000000, -0.026064, -0.145900, -0.004829, -0.017529
100.000000, 17, -0.390538, 0.000000, -0.022942, -0.149519, -0.005168, -0.017529
100.000000, 18, -0.390538, 0.000000, -0.020437, -0.152743, -0.005462, -0.017529
100.000000, 19, -0.390538, 0.000000, -0.018425, -0.155556, -0.005720, -0.017529
100.000000, 0, -0.387451, 0.000000, -0.541854, -0.003060, -0.000012, -0.017523
100.000000, 1, -0.387451, 0.000000, -0.437026, -0.005535, -0.000043, -0.017523
100.000000, 2, -0.387451, 0.000000, -0.352869, -0.010393, -0.000103, -0.017523
100.000000, 3, -0.387451, 0.000000, -0.285306, -0.017629, -0.000219, -0.017523
100.000000, 4, -0.387451, 0.000000, -0.231065, -0.027133, -0.000429, -0.017523
100.000000, 5, -0.387451, 0.000000, -0.187520, -0.038336, -0.000779, -0.017523
100.000000, 6, -0.387451, 0.000000, -0.152561, -0.050303, -0.001290, -0.017523
100.000000, 7, -0.387451, 0.000000, -0.124496, -0.062424, -0.001960, -0.017523
100.000000, 8, -0.387451, 0.000000, -0.101964, -0.074484, -0.002751, -0.017523
100.000000, 9, -0.387451, 0.000000, -0.083875, -0.086521, -0.003601, -0.017523
100.000000, 10, -0.387451, 0.000000, -0.069354, -0.098601, -0.004460, -0.017523
100.000000, 11, -0.387451, 0.000000, -0.057695, -0.110444, -0.005288, -0.017523
100.000000, 12, -0.387451, 0.000000, -0.048336, -0.121121, -0.006041, -0.017523
100.000000, 13, -0.387451, 0.000000, -0.040821, -0.129810, -0.006714, -0.017523
100.000000, 14, -0.387451, 0.000000, -0.034789, -0.136419, -0.007327, -0.017523
100.000000, 15, -0.387451, 0.000000, -0.029946, -0.141451, -0.007887, -0.017523
100.000000, 16, -0.387451, 0.000000, -0.026058, -0.145555, -0.008387, -0.017523
100.000000, 17, -0.387451, 0.000000, -0.022937, -0.149154, -0.008822, -0.017523
100.000000, 18, -0.387451, 0.000000, -0.020431, -0.152361, -0.009196, -0.017523
100.000000, 19, -0.387451, 0.000000, -0.018419, -0.155157, -0.009518, -0.017523
100.000000, 0, -0.384363, 0.000000, -0.541852, -0.003058, -0.000047, -0.017509
100.000000, 1, -0.384363, 0.000000, -0.437022, -0.005532, -0.000164, -0.017509
100.000000, 2, -0.384363, 0.000000, -0.352863, -0.010386, -0.000352, -0.017509
100.000000, 3, -0.384363, 0.000000, -0.285298, -0.017615, -0.000649, -0.017509
100.000000, 4, -0.384363, 0.000000, -0.231056, -0.027106, -0.001096, -0.017509
100.000000, 5, -0.384363, 0.000000, -0.187510, -0.038292, -0.001726, -0.017509
100.000000, 6, -0.384363, 0.000000, -0.152550, -0.050234, -0.002544, -0.017509
100.000000, 7, -0.384363, 0.000000, -0.124484, -0.062322, -0.003530, -0.017509
100.000000, 8, -0.384363, 0.000000, -0.101952, -0.074345, -0.004634, -0.017509
100.000000, 9, -0.384363, 0.000000, -0.083863, -0.086345, -0.005785, -0.017509
100.000000, 10, -0.384363, 0.000000, -0.069341, -0.098383, -0.006923, -0.017509
100.000000, 11, -0.384363, 0.000000, -0.057682, -0.110187, -0.007999, -0.017509
100.000000, 12, -0.384363, 0.000000, -0.048322, -0.120831, -0.008973, -0.017509
100.000000, 13, -0.384363, 0.000000, -0.040808, -0.129482, -0.009839, -0.017509
100.000000, 14, -0.384363, 0.000000, -0.034775, -0.136053, -0.010615, -0.017509
100.000000, 15, -0.384363, 0.000000, -0.029932, -0.141053, -0.011309, -0.017509
100.000000, 16, -0.384363, 0.000000, -0.026044, -0.145129, -0.011923, -0.017509
100.000000, 17, -0.384363, 0.000000, -0.022923, -0.148705, -0.012454, -0.017509
100.000000, 18, -0.384363, 0.000000, -0.020417, -0.151895, -0.012906, -0.017509
100.000000, 19, -0.384363, 0.000000, -0.018405, -0.154672, -0.013291, -0.017509
100.000000, 0, -0.381276, 0.000000, -0.541850, -0.003055, -0.000082, -0.017487
100.000000, 1, -0.381276, 0.000000, -0.437016, -0.005526, -0.000285, -0.017487
100.000000, 2, -0.381276, 0.000000, -0.352853, -0.010374, -0.000601, -0.017487
100.000000, 3, -0.381276, 0.000000, -0.285286, -0.017591, -0.001079, -0.017487
100.000000, 4, -0.381276, 0.000000, -0.231042, -0.027064, -0.001762, -0.017487
100.000000, 5, -0.381276, 0.000000, -0.187494, -0.038226, -0.002671, -0.017487
100.000000, 6, -0.381276, 0.000000, -0.152533, -0.050135, -0.003794, -0.017487
100.000000, 7, -0.381276, 0.000000, -0.124466, -0.062184, -0.005096, -0.017487
100.000000, 8, -0.381276, 0.000000, -0.101933, -0.074162, -0.006511, -0.017487
100.000000, 9, -0.381276, 0.000000, -0.083843, -0.086118, -0.007963, -0.017487
100.000000, 10, -0.381276, 0.000000, -0.069320, -0.098110, -0.009376, -0.017487
100.000000, 11, -0.381276, 0.000000, -0.057661, -0.109870, -0.010698, -0.017487
100.000000, 12, -0.381276, 0.000000, -0.048301, -0.120474, -0.011891, -0.017487
100.000000, 13, -0.381276, 0.000000, -0.040786, -0.129081, -0.012949, -0.017487
100.000000, 14, -0.381276, 0.000000, -0.034754, -0.135612, -0.013885, -0.017487
100.000000, 15, -0.381276, 0.000000, -0.029910, -0.140576, -0.014713, -0.017487
100.000000, 16, -0.381276, 0.000000, -0.026022, -0.144623, -0.015437, -0.017487
100.000000, 17, -0.381276, 0.000000, -0.022901, -0.148175, -0.016061, -0.017487
100.000000, 18, -0.381276, 0.000000, -0.020395, -0.151345, -0.016590, -0.017487
100.000000, 19, -0.381276, 0.000000, -0.018383, -0.154103, -0.017037, -0.017487
100.000000, 0, -0.378189, 0.000000, -0.541847, -0.003050, -0.000117, -0.017456
100.000000, 1, -0.378189, 0.000000, -0.437007, -0.005516, -0.000406, -0.017456
100.000000, 2, -0.378189, 0.000000, -0.352840, -0.010355, -0.000849, -0.017456
100.000000, 3, -0.378189, 0.000000, -0.285269, -0.017558, -0.001508, -0.017456
100.000000, 4, -0.378189, 0.000000, -0.231023, -0.027007, -0.002426, -0.017456
100.000000, 5, -0.378189, 0.000000, -0.187472, -0.038139, -0.003613, -0.017456
100.000000, 6, -0.378189, 0.000000, -0.152509, -0.050008, -0.005041, -0.017456
100.000000, 7, -0.378189, 0.000000, -0.124440, -0.062010, -0.006656, -0.017456
100.000000, 8, -0.378189, 0.000000, -0.101906, -0.073935, -0.008381, -0.017456
100.000000, 9, -0.378189, 0.000000, -0.083815, -0.085841, -0.010131, -0.017456
100.000000, 10, -0.378189, 0.000000, -0.069292, -0.097784, -0.011817, -0.017456
100.000000, 11, -0.378189, 0.000000, -0.057632, -0.109494, -0.013384, -0.017456
100.000000, 12, -0.378189, 0.000000, -0.048271, -0.120051, -0.014796, -0.017456
100.000000, 13, -0.378189, 0.000000, -0.040757, -0.128609, -0.016044, -0.017456
100.000000, 14, -0.378189, 0.000000, -0.034723, -0.135097, -0.017139, -0.017456
100.000000, 15, -0.378189, 0.000000, -0.029880, -0.140023, -0.018096, -0.017456
100.000000, 16, -0.378189, 0.000000, -0.025992, -0.144039, -0.018928, -0.017456
100.000000, 17, -0.378189, 0.000000, -0.022870, -0.147564, -0.019642, -0.017456
100.000000, 18, -0.378189, 0.000000, -0.020364, -0.150714, -0.020246, -0.017456
100.000000, 19, -0.378189, 0.000000, -0.018352, -0.153453, -0.020755, -0.017456
100.000000, 0, -0.375102, 0.000000, -0.541843, -0.003043, -0.000152, -0.017416
100.000000, 1, -0.375102, 0.000000, -0.436996, -0.005504, -0.000527, -0.017416
100.000000, 2, -0.375102, 0.000000, -0.352823, -0.010330, -0.001097, -0.017416
100.000000, 3, -0.375102, 0.000000, -0.285248, -0.017513, -0.001937, -0.017416
100.000000, 4, -0.375102, 0.000000, -0.230998, -0.026934, -0.003089, -0.017416
100.000000, 5, -0.375102, 0.000000, -0.187444, -0.038029, -0.004553, -0.017416
100.000000, 6, -0.375102, 0.000000, -0.152479, -0.049852, -0.006284, -0.017416
100.000000, 7, -0.375102, 0.000000, -0.124408, -0.061801, -0.008210, -0.017416
100.000000, 8, -0.375102, 0.000000, -0.101873, -0.073665, -0.010244, -0.017416
100.000000, 9, -0.375102, 0.000000, -0.083781, -0.085514, -0.012289, -0.017416
100.000000, 10, -0.375102, 0.000000, -0.069256, -0.097403, -0.014245, -0.017416
100.000000, 11, -0.375102, 0.000000, -0.057595, -0.109058, -0.016055, -0.017416
100.000000, 12, -0.375102, 0.000000, -0.048234, -0.119561, -0.017687, -0.017416
100.000000, 13, -0.375102, 0.000000, -0.040719, -0.128066, -0.019124, -0.017416
100.000000, 14, -0.375102, 0.000000, -0.034685, -0.134508, -0.020374, -0.017416
100.000000, 15, -0.375102, 0.000000, -0.029841, -0.139396, -0.021457, -0.017416
100.000000, 16, -0.375102, 0.000000, -0.025953, -0.143377, -0.022394, -0.017416
100.000000, 17, -0.375102, 0.000000, -0.022831, -0.146875, -0.023196, -0.017416
100.000000, 18, -0.375102, 0.000000, -0.020324, -0.150002, -0.023875, -0.017416
100.000000, 19, -0.375102, 0.000000, -0.018312, -0.152723, -0.024443, -0.017416
100.000000, 0, -0.372014, 0.000000, -0.541838, -0.003034, -0.000187, -0.017369
100.000000, 1, -0.372014, 0.000000, -0.436983, -0.005487, -0.000648, -0.017369
100.000000, 2, -0.372014, 0.000000, -0.352803, -0.010299, -0.001344, -0.017369
100.000000, 3, -0.372014, 0.000000, -0.285222, -0.017459, -0.002364, -0.017369
100.000000, 4, -0.372014, 0.000000, -0.230967, -0.026845, -0.003750, -0.017369
100.000000, 5, -0.372014, 0.000000, -0.187410, -0.037898, -0.005489, -0.017369
100.000000, 6, -0.372014, 0.000000, -0.152442, -0.049667, -0.007521, -0.017369
100.000000, 7, -0.372014, 0.000000, -0.124369, -0.061556, -0.009757, -0.017369
100.000000, 8, -0.372014, 0.000000, -0.101832, -0.073353, -0.012097, -0.017369
100.000000, 9, -0.372014, 0.000000, -0.083738, -0.085137, -0.014435, -0.017369
100.000000, 10, -0.372014, 0.000000, -0.069212, -0.096969, -0.016659, -0.017369
100.000000, 11, -0.372014, 0.000000, -0.057551, -0.108562, -0.018712, -0.017369
100.000000, 12, -0.372014, 0.000000, -0.048189, -0.119005, -0.020563, -0.017369
100.000000, 13, -0.372014, 0.000000, -0.040673, -0.127454, -0.022186, -0.017369
100.000000, 14, -0.372014, 0.000000, -0.034639, -0.133848, -0.023588, -0.017369
100.000000, 15, -0.372014, 0.000000, -0.029795, -0.138695, -0.024794, -0.017369
100.000000, 16, -0.372014, 0.000000, -0.025906, -0.142641, -0.025833, -0.017369
100.000000, 17, -0.372014, 0.000000, -0.022783, -0.146108, -0.026723, -0.017369
100.000000, 18, -0.372014, 0.000000, -0.020277, -0.149212, -0.027474, -0.017369
100.000000, 19, -0.372014, 0.000000, -0.018265, -0.151913, -0.028102, -0.017369
100.000000, 0, -0.368927, 0.000000, -0.541832, -0.003024, -0.000222, -0.017313
100.000000, 1, -0.368927, 0.000000, -0.436967, -0.005468, -0.000768, -0.017313
100.000000, 2, -0.368927, 0.000000, -0.352779, -0.010262, -0.001591, -0.017313
100.000000, 3, -0.368927, 0.000000, -0.285192, -0.017395, -0.002790, -0.017313
100.000000, 4, -0.368927, 0.000000, -0.230932, -0.026741, -0.004408, -0.017313
100.000000, 5, -0.368927, 0.000000, -0.187371, -0.037745, -0.006421, -0.017313
100.000000, 6, -0.368927, 0.000000, -0.152399, -0.049454, -0.008753, -0.017313
100.000000, 7, -0.368927, 0.000000, -0.124323, -0.061276, -0.011298, -0.017313
100.000000, 8, -0.368927, 0.000000, -0.101784, -0.072998, -0.013942, -0.017313
100.000000, 9, -0.368927, 0.000000, -0.083689, -0.084713, -0.016567, -0.017313
100.000000, 10, -0.368927, 0.000000, -0.069161, -0.096481, -0.019057, -0.017313
100.000000, 11, -0.368927, 0.000000, -0.057499, -0.108006, -0.021354, -0.017313
100.000000, 12, -0.368927, 0.000000, -0.048136, -0.118383, -0.023422, -0.017313
100.000000, 13, -0.368927, 0.000000, -0.040619, -0.126774, -0.025229, -0.017313
100.000000, 14, -0.368927, 0.000000, -0.034584, -0.133117, -0.026779, -0.017313
100.000000, 15, -0.368927, 0.000000, -0.029740, -0.137921, -0.028106, -0.017313
100.000000, 16, -0.368927, 0.000000, -0.025850, -0.141830, -0.029246, -0.017313
100.000000, 17, -0.368927, 0.000000, -0.022728, -0.145266, -0.030220, -0.017313
100.000000, 18, -0.368927, 0.000000, -0.020221, -0.148344, -0.031043, -0.017313
100.000000, 19, -0.368927, 0.000000, -0.018209, -0.151027, -0.031730, -0.017313
100.000000, 0, -0.365840, 0.000000, -0.541826, -0.003011, -0.000256, -0.017248
100.000000, 1, -0.365840, 0.000000, -0.436949, -0.005445, -0.000888, -0.017248
100.000000, 2, -0.365840, 0.000000, -0.352752, -0.010220, -0.001837, -0.017248
100.000000, 3, -0.365840, 0.000000, -0.285157, -0.017320, -0.003214, -0.017248
100.000000, 4, -0.365840, 0.000000, -0.230891, -0.026621, -0.005063, -0.017248
100.000000, 5, -0.365840, 0.000000, -0.187325, -0.037570, -0.007349, -0.017248
100.000000, 6, -0.365840, 0.000000, -0.152350, -0.049212, -0.009978, -0.017248
100.000000, 7, -0.365840, 0.000000, -0.124271, -0.060960, -0.012830, -0.017248
100.000000, 8, -0.365840, 0.000000, -0.101729, -0.072600, -0.015775, -0.017248
100.000000, 9, -0.365840, 0.000000, -0.083632, -0.084240, -0.018686, -0.017248
100.000000, 10, -0.365840, 0.000000, -0.069103, -0.095940, -0.021441, -0.017248
100.000000, 11, -0.365840, 0.000000, -0.057439, -0.107389, -0.023979, -0.017248
100.000000, 12, -0.365840, 0.000000, -0.048075, -0.117697, -0.026261, -0.017248
100.000000, 13, -0.365840, 0.000000, -0.040557, -0.126026, -0.028248, -0.017248
100.000000, 14, -0.365840, 0.000000, -0.034522, -0.132318, -0.029946, -0.017248
100.000000, 15, -0.365840, 0.000000, -0.029677, -0.137076, -0.031393, -0.017248
100.000000, 16, -0.365840, 0.000000, -0.025787, -0.140947, -0.032630, -0.017248
100.000000, 17, -0.365840, 0.000000, -0.022664, -0.144349, -0.033687, -0.017248
100.000000, 18, -0.365840, 0.000000, -0.020157, -0.147400, -0.034581, -0.017248
100.000000, 19, -0.365840, 0.000000, -0.018145, -0.150063, -0.035327, -0.017248
100.000000, 0, -0.362753, 0.000000, -0.541819, -0.002997, -0.000291, -0.017176
100.000000, 1, -0.362753, 0.000000, -0.436929, -0.005419, -0.001007, -0.017176
100.000000, 2, -0.362753, 0.000000, -0.352721, -0.010171, -0.002081, -0.017176
100.000000, 3, -0.362753, 0.000000, -0.285118, -0.017236, -0.003636, -0.017176
100.000000, 4, -0.362753, 0.000000, -0.230845, -0.026486, -0.005715, -0.017176
100.000000, 5, -0.362753, 0.000000, -0.187274, -0.037375, -0.008272, -0.017176
100.000000, 6, -0.362753, 0.000000, -0.152294, -0.048942, -0.011197, -0.017176
100.000000, 7, -0.362753, 0.000000, -0.124212, -0.060609, -0.014354, -0.017176
100.000000, 8, -0.362753, 0.000000, -0.101667, -0.072162, -0.017598, -0.017176
100.000000, 9, -0.362753, 0.000000, -0.083567, -0.083720, -0.020791, -0.017176
100.000000, 10, -0.362753, 0.000000, -0.069037, -0.095345, -0.023809, -0.017176
100.000000, 11, -0.362753, 0.000000, -0.057371, -0.106714, -0.026587, -0.017176
100.000000, 12, -0.362753, 0.000000, -0.048006, -0.116948, -0.029079, -0.017176
100.000000, 13, -0.362753, 0.000000, -0.040488, -0.125214, -0.031244, -0.017176
100.000000, 14, -0.362753, 0.000000, -0.034452, -0.131449, -0.033087, -0.017176
100.000000, 15, -0.362753, 0.000000, -0.029606, -0.136161, -0.034652, -0.017176
100.000000, 16, -0.362753, 0.000000, -0.025716, -0.139990, -0.035986, -0.017176
100.000000, 17, -0.362753, 0.000000, -0.022592, -0.143358, -0.037124, -0.017176
100.000000, 18, -0.362753, 0.000000, -0.020085, -0.146381, -0.038088, -0.017176
100.000000, 19, -0.362753, 0.000000, -0.018072, -0.149023, -0.038892, -0.017176
100.000000, 0, -0.359665, 0.000000, -0.541811, -0.002981, -0.000325, -0.017095
100.000000, 1, -0.359665, 0.000000, -0.436906, -0.005390, -0.001125, -0.017095
100.000000, 2, -0.359665, 0.000000, -0.352687, -0.010116, -0.002325, -0.017095
100.000000, 3, -0.359665, 0.000000, -0.285075, -0.017141, -0.004056, -0.017095
100.000000, 4, -0.359665, 0.000000, -0.230794, -0.026335, -0.006364, -0.017095
100.000000, 5, -0.359665, 0.000000, -0.187217, -0.037157, -0.009191, -0.017095
100.000000, 6, -0.359665, 0.000000, -0.152232, -0.048644, -0.012409, -0.017095
100.000000, 7, -0.359665, 0.000000, -0.124146, -0.060224, -0.015868, -0.017095
100.000000, 8, -0.359665, 0.000000, -0.101598, -0.071682, -0.019408, -0.017095
100.000000, 9, -0.359665, 0.000000, -0.083496, -0.083153, -0.022881, -0.017095
100.000000, 10, -0.359665, 0.000000, -0.068963, -0.094696, -0.026160, -0.017095
100.000000, 11, -0.359665, 0.000000, -0.057296, -0.105981, -0.029175, -0.017095
100.000000, 12, -0.359665, 0.000000, -0.047930, -0.116137, -0.031874, -0.017095
100.000000, 13, -0.359665, 0.000000, -0.040410, -0.124336, -0.034214, -0.017095
100.000000, 14, -0.359665, 0.000000, -0.034373, -0.130511, -0.036202, -0.017095
100.000000, 15, -0.359665, 0.000000, -0.029527, -0.135175, -0.037883, -0.017095
100.000000, 16, -0.359665, 0.000000, -0.025636, -0.138962, -0.039312, -0.017095
100.000000, 17, -0.359665, 0.000000, -0.022512, -0.142293, -0.040531, -0.017095
100.000000, 18, -0.359665, 0.000000, -0.020005, -0.145287, -0.041562, -0.017095
100.000000, 19, -0.359665, 0.000000, -0.017992, -0.147908, -0.042424, -0.017095
100.000000, 0, -0.356578, 0.000000, -0.541802, -0.002963, -0.000359, -0.017006
100.000000, 1, -0.356578, 0.000000, -0.436881, -0.005358, -0.001243, -0.017006
100.000000, 2, -0.356578, 0.000000, -0.352649, -0.010055, -0.002567, -0.017006
100.000000, 3, -0.356578, 0.000000, -0.285027, -0.017037, -0.004474, -0.017006
100.000000, 4, -0.356578, 0.000000, -0.230738, -0.026170, -0.007009, -0.017006
100.000000, 5, -0.356578, 0.000000, -0.187154, -0.036919, -0.010103, -0.017006
100.000000, 6, -0.356578, 0.000000, -0.152164, -0.048319, -0.013612, -0.017006
100.000000, 7, -0.356578, 0.000000, -0.124073, -0.059804, -0.017371, -0.017006
100.000000, 8, -0.356578, 0.000000, -0.101522, -0.071161, -0.021205, -0.017006
100.000000, 9, -0.356578, 0.000000, -0.083417, -0.082538, -0.024956, -0.017006
100.000000, 10, -0.356578, 0.000000, -0.068882, -0.093994, -0.028495, -0.017006
100.000000, 11, -0.356578, 0.000000, -0.057214, -0.105191, -0.031742, -0.017006
100.000000, 12, -0.356578, 0.000000, -0.047846, -0.115265, -0.034644, -0.017006
100.000000, 13, -0.356578, 0.000000, -0.040325, -0.123393, -0.037158, -0.017006
100.000000, 14, -0.356578, 0.000000, -0.034287, -0.129506, -0.039289, -0.017006
100.000000, 15, -0.356578, 0.000000, -0.029440, -0.134118, -0.041087, -0.017006
100.000000, 16, -0.356578, 0.000000, -0.025549, -0.137863, -0.042610, -0.017006
100.000000, 17, -0.356578, 0.000000, -0.022425, -0.141157, -0.043906, -0.017006
100.000000, 18, -0.356578, 0.000000, -0.019916, -0.144120, -0.045005, -0.017006
100.000000, 19, -0.356578, 0.000000, -0.017903, -0.146718, -0.045923, -0.017006
100.000000, 0, -0.353491, 0.000000, -0.541792, -0.002943, -0.000393, -0.016909
100.000000, 1, -0.353491, 0.000000, -0.436854, -0.005322, -0.001360, -0.016909
100.000000, 2, -0.353491, 0.000000, -0.352608, -0.009988, -0.002807, -0.016909
100.000000, 3, -0.353491, 0.000000, -0.284974, -0.016922, -0.004890, -0.016909
100.000000, 4, -0.353491, 0.000000, -0.230676, -0.025989, -0.007651, -0.016909
100.000000, 5, -0.353491, 0.000000, -0.187085, -0.036660, -0.011010, -0.016909
100.000000, 6, -0.353491, 0.000000, -0.152089, -0.047966, -0.014808, -0.016909
100.000000, 7, -0.353491, 0.000000, -0.123994, -0.059349, -0.018864, -0.016909
100.000000, 8, -0.353491, 0.000000, -0.101439, -0.070601, -0.022989, -0.016909
100.000000, 9, -0.353491, 0.000000, -0.083331, -0.081877, -0.027015, -0.016909
100.000000, 10, -0.353491, 0.000000, -0.068794, -0.093239, -0.030810, -0.016909
100.000000, 11, -0.353491, 0.000000, -0.057123, -0.104346, -0.034287, -0.016909
100.000000, 12, -0.353491, 0.000000, -0.047754, -0.114334, -0.037389, -0.016909
100.000000, 13, -0.353491, 0.000000, -0.040232, -0.122386, -0.040076, -0.016909
100.000000, 14, -0.353491, 0.000000, -0.034193, -0.128433, -0.042350, -0.016909
100.000000, 15, -0.353491, 0.000000, -0.029345, -0.132992, -0.044262, -0.016909
100.000000, 16, -0.353491, 0.000000, -0.025453, -0.136693, -0.045877, -0.016909
100.000000, 17, -0.353491, 0.000000, -0.022328, -0.139949, -0.047251, -0.016909
100.000000, 18, -0.353491, 0.000000, -0.019820, -0.142880, -0.048415, -0.016909
100.000000, 19, -0.353491, 0.000000, -0.017806, -0.145455, -0.049389, -0.016909
100.000000, 0, -0.350404, 0.000000, -0.541782, -0.002921, -0.000427, -0.016804
100.000000, 1, -0.350404, 0.000000, -0.436825, -0.005283, -0.001477, -0.016804
100.000000, 2, -0.350404, 0.000000, -0.352564, -0.009915, -0.003046, -0.016804
100.000000, 3, -0.350404, 0.000000, -0.284917, -0.016798, -0.005303, -0.016804
100.000000, 4, -0.350404, 0.000000, -0.230610, -0.025794, -0.008287, -0.016804
100.000000, 5, -0.350404, 0.000000, -0.187011, -0.036379, -0.011910, -0.016804
100.000000, 6, -0.350404, 0.000000, -0.152009, -0.047585, -0.015994, -0.016804
100.000000, 7, -0.350404, 0.000000, -0.123908, -0.058860, -0.020345, -0.016804
100.000000, 8, -0.350404, 0.000000, -0.101349, -0.070000, -0.024758, -0.016804
100.000000, 9, -0.350404, 0.000000, -0.083238, -0.081169, -0.029057, -0.016804
100.000000, 10, -0.350404, 0.000000, -0.068698, -0.092432, -0.033104, -0.016804
100.000000, 11, -0.350404, 0.000000, -0.057025, -0.103446, -0.036807, -0.016804
100.000000, 12, -0.350404, 0.000000, -0.047654, -0.113343, -0.040108, -0.016804
100.000000, 13, -0.350404, 0.000000, -0.040131, -0.121316, -0.042967, -0.016804
100.000000, 14, -0.350404, 0.000000, -0.034091, -0.127292, -0.045383, -0.016804
100.000000, 15, -0.350404, 0.000000, -0.029242, -0.131797, -0.047409, -0.016804
100.000000, 16, -0.350404, 0.000000, -0.025350, -0.135453, -0.049115, -0.016804
100.000000, 17, -0.350404, 0.000000, -0.022224, -0.138670, -0.050563, -0.016804
100.000000, 18, -0.350404, 0.000000, -0.019715, -0.141568, -0.051791, -0.016804
100.000000, 19, -0.350404, 0.000000, -0.017701, -0.144119, -0.052820, -0.016804
100.000000, 0, -0.347316, 0.000000, -0.541770, -0.002898, -0.000460, -0.016691
100.000000, 1, -0.347316, 0.000000, -0.436793, -0.005241, -0.001592, -0.016691
100.000000, 2, -0.347316, 0.000000, -0.352516, -0.009836, -0.003284, -0.016691
100.000000, 3, -0.347316, 0.000000, -0.284856, -0.016664, -0.005713, -0.016691
100.000000, 4, -0.347316, 0.000000, -0.230538, -0.025583, -0.008919, -0.016691
100.000000, 5, -0.347316, 0.000000, -0.186931, -0.036078, -0.012803, -0.016691
100.000000, 6, -0.347316, 0.000000, -0.151922, -0.047178, -0.017171, -0.016691
100.000000, 7, -0.347316, 0.000000, -0.123816, -0.058338, -0.021814, -0.016691
100.000000, 8, -0.347316, 0.000000, -0.101252, -0.069360, -0.026512, -0.016691
100.000000, 9, -0.347316, 0.000000, -0.083138, -0.080415, -0.031080, -0.016691
100.000000, 10, -0.347316, 0.000000, -0.068595, -0.091574, -0.035377, -0.016691
100.000000, 11, -0.347316, 0.000000, -0.056920, -0.102492, -0.039303, -0.016691
100.000000, 12, -0.347316, 0.000000, -0.047547, -0.112293, -0.042800, -0.016691
100.000000, 13, -0.347316, 0.000000, -0.040022, -0.120181, -0.045830, -0.016691
100.000000, 14, -0.347316, 0.000000, -0.033981, -0.126086, -0.048389, -0.016691
100.000000, 15, -0.347316, 0.000000, -0.029131, -0.130534, -0.050528, -0.016691
100.000000, 16, -0.347316, 0.000000, -0.025238, -0.134143, -0.052323, -0.016691
100.000000, 17, -0.347316, 0.000000, -0.022112, -0.137321, -0.053844, -0.016691
100.000000, 18, -0.347316, 0.000000, -0.019603, -0.140185, -0.055134, -0.016691
100.000000, 19, -0.347316, 0.000000, -0.017588, -0.142711, -0.056217, -0.016691
100.000000, 0, -0.344229, 0.000000, -0.541758, -0.002873, -0.000493, -0.016570
100.000000, 1, -0.344229, 0.000000, -0.436759, -0.005195, -0.001707, -0.016570
100.000000, 2, -0.344229, 0.000000, -0.352464, -0.009752, -0.003519, -0.016570
100.000000, 3, -0.344229, 0.000000, -0.284791, -0.016520, -0.006120, -0.016570
100.000000, 4, -0.344229, 0.000000, -0.230461, -0.025358, -0.009546, -0.016570
100.000000, 5, -0.344229, 0.000000, -0.186845, -0.035756, -0.013689, -0.016570
100.000000, 6, -0.344229, 0.000000, -0.151829, -0.046744, -0.018338, -0.016570
100.000000, 7, -0.344229, 0.000000, -0.123717, -0.057782, -0.023270, -0.016570
100.000000, 8, -0.344229, 0.000000, -0.101149, -0.068680, -0.028251, -0.016570
100.000000, 9, -0.344229, 0.000000, -0.083030, -0.079616, -0.033085, -0.016570
100.000000, 10, -0.344229, 0.000000, -0.068485, -0.090666, -0.037627, -0.016570
100.000000, 11, -0.344229, 0.000000, -0.056807, -0.101484, -0.041773, -0.016570
100.000000, 12, -0.344229, 0.000000, -0.047432, -0.111184, -0.045466, -0.016570
100.000000, 13, -0.344229, 0.000000, -0.039906, -0.118983, -0.048666, -0.016570
100.000000, 14, -0.344229, 0.000000, -0.033864, -0.124813, -0.051366, -0.016570
100.000000, 15, -0.344229, 0.000000, -0.029013, -0.129202, -0.053616, -0.016570
100.000000, 16, -0.344229, 0.000000, -0.025118, -0.132765, -0.055500, -0.016570
100.000000, 17, -0.344229, 0.000000, -0.021992, -0.135902, -0.057092, -0.016570
100.000000, 18, -0.344229, 0.000000, -0.019482, -0.138732, -0.058443, -0.016570
100.000000, 19, -0.344229, 0.000000, -0.017467, -0.141232, -0.059578, -0.016570
100.000000, 0, -0.341142, 0.000000, -0.541745, -0.002846, -0.000526, -0.016440
100.000000, 1, -0.341142, 0.000000, -0.436723, -0.005147, -0.001821, -0.016440
100.000000, 2, -0.341142, 0.000000, -0.352409, -0.009662, -0.003753, -0.016440
100.000000, 3, -0.341142, 0.000000, -0.284721, -0.016367, -0.006523, -0.016440
100.000000, 4, -0.341142, 0.000000, -0.230379, -0.025119, -0.010168, -0.016440
100.000000, 5, -0.341142, 0.000000, -0.186753, -0.035414, -0.014567, -0.016440
100.000000, 6, -0.341142, 0.000000, -0.151729, -0.046284, -0.019495, -0.016440
100.000000, 7, -0.341142, 0.000000, -0.123611, -0.057192, -0.024712, -0.016440
100.000000, 8, -0.341142, 0.000000, -0.101038, -0.067961, -0.029972, -0.016440
100.000000, 9, -0.341142, 0.000000, -0.082916, -0.078772, -0.035069, -0.016440
100.000000, 10, -0.341142, 0.000000, -0.068367, -0.089709, -0.039852, -0.016440
100.000000, 11, -0.341142, 0.000000, -0.056687, -0.100422, -0.044216, -0.016440
100.000000, 12, -0.341142, 0.000000, -0.047310, -0.110017, -0.048104, -0.016440
100.000000, 13, -0.341142, 0.000000, -0.039782, -0.117723, -0.051473, -0.016440
100.000000, 14, -0.341142, 0.000000, -0.033738, -0.123476, -0.054312, -0.016440
100.000000, 15, -0.341142, 0.000000, -0.028886, -0.127804, -0.056673, -0.016440
100.000000, 16, -0.341142, 0.000000, -0.024991, -0.131318, -0.058644, -0.016440
100.000000, 17, -0.341142, 0.000000, -0.021864, -0.134415, -0.060307, -0.016440
100.000000, 18, -0.341142, 0.000000, -0.019353, -0.137208, -0.061716, -0.016440
100.000000, 19, -0.341142, 0.000000, -0.017338, -0.139681, -0.062903, -0.016440
100.000000, 0, -0.338055, 0.000000, -0.541732, -0.002818, -0.000559, -0.016303
100.000000, 1, -0.338055, 0.000000, -0.436684, -0.005095, -0.001933, -0.016303
100.000000, 2, -0.338055, 0.000000, -0.352351, -0.009566, -0.003984, -0.016303
100.000000, 3, -0.338055, 0.000000, -0.284646, -0.016204, -0.006923, -0.016303
100.000000, 4, -0.338055, 0.000000, -0.230292, -0.024864, -0.010784, -0.016303
100.000000, 5, -0.338055, 0.000000, -0.186656, -0.035052, -0.015438, -0.016303
100.000000, 6, -0.338055, 0.000000, -0.151623, -0.045797, -0.020640, -0.016303
100.000000, 7, -0.338055, 0.000000, -0.123499, -0.056570, -0.026139, -0.016303
100.000000, 8, -0.338055, 0.000000, -0.100920, -0.067204, -0.031676, -0.016303
100.000000, 9, -0.338055, 0.000000, -0.082794, -0.077883, -0.037033, -0.016303
100.000000, 10, -0.338055, 0.000000, -0.068241, -0.088703, -0.042054, -0.016303
100.000000, 11, -0.338055, 0.000000, -0.056558, -0.099307, -0.046633, -0.016303
100.000000, 12, -0.338055, 0.000000, -0.047179, -0.108791, -0.050713, -0.016303
100.000000, 13, -0.338055, 0.000000, -0.039649, -0.116400, -0.054250, -0.016303
100.000000, 14, -0.338055, 0.000000, -0.033604, -0.122074, -0.057227, -0.016303
100.000000, 15, -0.338055, 0.000000, -0.028751, -0.126339, -0.059697, -0.016303
100.000000, 16, -0.338055, 0.000000, -0.024855, -0.129803, -0.061755, -0.016303
100.000000, 17, -0.338055, 0.000000, -0.021727, -0.132858, -0.063487, -0.016303
100.000000, 18, -0.338055, 0.000000, -0.019216, -0.135616, -0.064954, -0.016303
100.000000, 19, -0.338055, 0.000000, -0.017200, -0.138060, -0.066190, -0.016303
100.000000, 0, -0.334967, 0.000000, -0.541717, -0.002787, -0.000591, -0.016157
100.000000, 1, -0.334967, 0.000000, -0.436644, -0.005041, -0.002045, -0.016157
100.000000, 2, -0.334967, 0.000000, -0.352289, -0.009464, -0.004213, -0.016157
100.000000, 3, -0.334967, 0.000000, -0.284568, -0.016031, -0.007320, -0.016157
100.000000, 4, -0.334967, 0.000000, -0.230200, -0.024596, -0.011395, -0.016157
100.000000, 5, -0.334967, 0.000000, -0.186552, -0.034669, -0.016299, -0.016157
100.000000, 6, -0.334967, 0.000000, -0.151511, -0.045284, -0.021774, -0.016157
100.000000, 7, -0.334967, 0.000000, -0.123380, -0.055915, -0.027552, -0.016157
100.000000, 8, -0.334967, 0.000000, -0.100796, -0.066409, -0.033362, -0.016157
100.000000, 9, -0.334967, 0.000000, -0.082664, -0.076951, -0.038974, -0.016157
100.000000, 10, -0.334967, 0.000000, -0.068109, -0.087649, -0.044230, -0.016157
100.000000, 11, -0.334967, 0.000000, -0.056423, -0.098138, -0.049022, -0.016157
100.000000, 12, -0.334967, 0.000000, -0.047041, -0.107508, -0.053293, -0.016157
100.000000, 13, -0.334967, 0.000000, -0.039510, -0.115016, -0.056994, -0.016157
100.000000, 14, -0.334967, 0.000000, -0.033463, -0.120609, -0.060108, -0.016157
100.000000, 15, -0.334967, 0.000000, -0.028609, -0.124808, -0.062687, -0.016157
100.000000, 16, -0.334967, 0.000000, -0.024712, -0.128221, -0.064830, -0.016157
100.000000, 17, -0.334967, 0.000000, -0.021583, -0.131234, -0.066630, -0.016157
100.000000, 18, -0.334967, 0.000000, -0.019071, -0.133954, -0.068154, -0.016157
100.000000, 19, -0.334967, 0.000000, -0.017055, -0.136368, -0.069439, -0.016157
100.000000, 0, -0.331880, 0.000000, -0.541702, -0.002755, -0.000623, -0.016003
100.000000, 1, -0.331880, 0.000000, -0.436601, -0.004983, -0.002155, -0.016003
100.000000, 2, -0.331880, 0.000000, -0.352224, -0.009357, -0.004441, -0.016003
100.000000, 3, -0.331880, 0.000000, -0.284485, -0.015850, -0.007712, -0.016003
100.000000, 4, -0.331880, 0.000000, -0.230102, -0.024313, -0.011999, -0.016003
100.000000, 5, -0.331880, 0.000000, -0.186443, -0.034267, -0.017152, -0.016003
100.000000, 6, -0.331880, 0.000000, -0.151393, -0.044746, -0.022896, -0.016003
100.000000, 7, -0.331880, 0.000000, -0.123254, -0.055228, -0.028949, -0.016003
100.000000, 8, -0.331880, 0.000000, -0.100664, -0.065576, -0.035028, -0.016003
100.000000, 9, -0.331880, 0.000000, -0.082528, -0.075976, -0.040893, -0.016003
100.000000, 10, -0.331880, 0.000000, -0.067968, -0.086547, -0.046380, -0.016003
100.000000, 11, -0.331880, 0.000000, -0.056279, -0.096917, -0.051383, -0.016003
100.000000, 12, -0.331880, 0.000000, -0.046895, -0.106169, -0.055842, -0.016003
100.000000, 13, -0.331880, 0.000000, -0.039362, -0.113573, -0.059705, -0.016003
100.000000, 14, -0.331880, 0.000000, -0.033314, -0.119082, -0.062954, -0.016003
100.000000, 15, -0.331880, 0.000000, -0.028458, -0.123213, -0.065641, -0.016003
100.000000, 16, -0.331880, 0.000000, -0.024560, -0.126572, -0.067869, -0.016003
100.000000, 17, -0.331880, 0.000000, -0.021431, -0.129541, -0.069737, -0.016003
100.000000, 18, -0.331880, 0.000000, -0.018918, -0.132223, -0.071315, -0.016003
100.000000, 19, -0.331880, 0.000000, -0.016901, -0.134606, -0.072648, -0.016003
100.000000, 0, -0.328793, 0.000000, -0.541686, -0.002722, -0.000655, -0.015841
100.000000, 1, -0.328793, 0.000000, -0.436555, -0.004922, -0.002264, -0.015841
100.000000, 2, -0.328793, 0.000000, -0.352155, -0.009244, -0.004665, -0.015841
100.000000, 3, -0.328793, 0.000000, -0.284397, -0.015658, -0.008100, -0.015841
100.000000, 4, -0.328793, 0.000000, -0.230000, -0.024017, -0.012596, -0.015841
100.000000, 5, -0.328793, 0.000000, -0.186329, -0.033845, -0.017995, -0.015841
100.000000, 6, -0.328793, 0.000000, -0.151269, -0.044183, -0.024005, -0.015841
100.000000, 7, -0.328793, 0.000000, -0.123122, -0.054509, -0.030330, -0.015841
100.000000, 8, -0.328793, 0.000000, -0.100526, -0.064705, -0.036675, -0.015841
100.000000, 9, -0.328793, 0.000000, -0.082385, -0.074958, -0.042788, -0.015841
100.000000, 10, -0.328793, 0.000000, -0.067821, -0.085398, -0.048503, -0.015841
100.000000, 11, -0.328793, 0.000000, -0.056129, -0.095643, -0.053714, -0.015841
100.000000, 12, -0.328793, 0.000000, -0.046742, -0.104774, -0.058359, -0.015841
100.000000, 13, -0.328793, 0.000000, -0.039206, -0.112070, -0.062381, -0.015841
100.000000, 14, -0.328793, 0.000000, -0.033157, -0.117493, -0.065762, -0.015841
100.000000, 15, -0.328793, 0.000000, -0.028300, -0.121553, -0.068558, -0.015841
100.000000, 16, -0.328793, 0.000000, -0.024400, -0.124857, -0.070870, -0.015841
100.000000, 17, -0.328793, 0.000000, -0.021270, -0.127780, -0.072804, -0.015841
100.000000, 18, -0.328793, 0.000000, -0.018757, -0.130423, -0.074437, -0.015841
100.000000, 19, -0.328793, 0.000000, -0.016739, -0.132773, -0.075816, -0.015841
100.000000, 0, -0.325706, 0.000000, -0.541669, -0.002686, -0.000686, -0.015671
100.000000, 1, -0.325706, 0.000000, -0.436508, -0.004859, -0.002372, -0.015671
100.000000, 2, -0.325706, 0.000000, -0.352083, -0.009125, -0.004887, -0.015671
100.000000, 3, -0.325706, 0.000000, -0.284305, -0.015458, -0.008484, -0.015671
100.000000, 4, -0.325706, 0.000000, -0.229892, -0.023706, -0.013187, -0.015671
100.000000, 5, -0.325706, 0.000000, -0.186208, -0.033404, -0.018829, -0.015671
100.000000, 6, -0.325706, 0.000000, -0.151138, -0.043594, -0.025101, -0.015671
100.000000, 7, -0.325706, 0.000000, -0.122983, -0.053759, -0.031694, -0.015671
100.000000, 8, -0.325706, 0.000000, -0.100380, -0.063798, -0.038301, -0.015671
100.000000, 9, -0.325706, 0.000000, -0.082234, -0.073898, -0.044659, -0.015671
100.000000, 10, -0.325706, 0.000000, -0.067666, -0.084202, -0.050599, -0.015671
100.000000, 11, -0.325706, 0.000000, -0.055970, -0.094316, -0.056014, -0.015671
100.000000, 12, -0.325706, 0.000000, -0.046581, -0.103323, -0.060841, -0.015671
100.000000, 13, -0.325706, 0.000000, -0.039043, -0.110510, -0.065019, -0.015671
100.000000, 14, -0.325706, 0.000000, -0.032992, -0.115843, -0.068533, -0.015671
100.000000, 15, -0.325706, 0.000000, -0.028133, -0.119829, -0.071435, -0.015671
100.000000, 16, -0.325706, 0.000000, -0.024233, -0.123075, -0.073832, -0.015671
100.000000, 17, -0.325706, 0.000000, -0.021102, -0.125951, -0.075832, -0.015671
100.000000, 18, -0.325706, 0.000000, -0.018588, -0.128554, -0.077518, -0.015671
100.000000, 19, -0.325706, 0.000000, -0.016570, -0.130871, -0.078941, -0.015671
100.000000, 0, -0.322618, 0.000000, -0.541651, -0.002649, -0.000717, -0.015493
100.000000, 1, -0.322618, 0.000000, -0.436458, -0.004792, -0.002479, -0.015493
100.000000, 2, -0.322618, 0.000000, -0.352007, -0.009002, -0.005106, -0.015493
100.000000, 3, -0.322618, 0.000000, -0.284209, -0.015249, -0.008863, -0.015493
100.000000, 4, -0.322618, 0.000000, -0.229779, -0.023382, -0.013771, -0.015493
100.000000, 5, -0.322618, 0.000000, -0.186082, -0.032943, -0.019652, -0.015493
100.000000, 6, -0.322618, 0.000000, -0.151001, -0.042981, -0.026184, -0.015493
100.000000, 7, -0.322618, 0.000000, -0.122838, -0.052978, -0.033040, -0.015493
100.000000, 8, -0.322618, 0.000000, -0.100228, -0.062854, -0.039905, -0.015493
100.000000, 9, -0.322618, 0.000000, -0.082076, -0.072797, -0.046506, -0.015493
100.000000, 10, -0.322618, 0.000000, -0.067504, -0.082959, -0.052667, -0.015493
100.000000, 11, -0.322618, 0.000000, -0.055804, -0.092939, -0.058283, -0.015493
100.000000, 12, -0.322618, 0.000000, -0.046412, -0.101820, -0.063288, -0.015493
100.000000, 13, -0.322618, 0.000000, -0.038872, -0.108892, -0.067620, -0.015493
100.000000, 14, -0.322618, 0.000000, -0.032819, -0.114133, -0.071263, -0.015493
100.000000, 15, -0.322618, 0.000000, -0.027959, -0.118042, -0.074271, -0.015493
100.000000, 16, -0.322618, 0.000000, -0.024057, -0.121227, -0.076752, -0.015493
100.000000, 17, -0.322618, 0.000000, -0.020925, -0.124055, -0.078817, -0.015493
100.000000, 18, -0.322618, 0.000000, -0.018410, -0.126616, -0.080555, -0.015493
100.000000, 19, -0.322618, 0.000000, -0.016392, -0.128898, -0.082021, -0.015493
100.000000, 0, -0.319531, 0.000000, -0.541632, -0.002611, -0.000747, -0.015306
100.000000, 1, -0.319531, 0.000000, -0.436406, -0.004723, -0.002584, -0.015306
100.000000, 2, -0.319531, 0.000000, -0.351928, -0.008872, -0.005323, -0.015306
100.000000, 3, -0.319531, 0.000000, -0.284108, -0.015030, -0.009238, -0.015306
100.000000, 4, -0.319531, 0.000000, -0.229661, -0.023044, -0.014348, -0.015306
100.000000, 5, -0.319531, 0.000000, -0.185950, -0.032463, -0.020465, -0.015306
100.000000, 6, -0.319531, 0.000000, -0.150858, -0.042343, -0.027252, -0.015306
100.000000, 7, -0.319531, 0.000000, -0.122686, -0.052167, -0.034369, -0.015306
100.000000, 8, -0.319531, 0.000000, -0.100069, -0.061874, -0.041488, -0.015306
100.000000, 9, -0.319531, 0.000000, -0.081911, -0.071655, -0.048326, -0.015306
100.000000, 10, -0.319531, 0.000000, -0.067334, -0.081671, -0.054705, -0.015306
100.000000, 11, -0.319531, 0.000000, -0.055631, -0.091512, -0.060519, -0.015306
100.000000, 12, -0.319531, 0.000000, -0.046236, -0.100263, -0.065697, -0.015306
100.000000, 13, -0.319531, 0.000000, -0.038693, -0.107219, -0.070180, -0.015306
100.000000, 14, -0.319531, 0.000000, -0.032638, -0.112363, -0.073951, -0.015306
100.000000, 15, -0.319531, 0.000000, -0.027777, -0.116192, -0.077065, -0.015306
100.000000, 16, -0.319531, 0.000000, -0.023874, -0.119315, -0.079629, -0.015306
100.000000, 17, -0.319531, 0.000000, -0.020741, -0.122091, -0.081760, -0.015306
100.000000, 18, -0.319531, 0.000000, -0.018225, -0.124610, -0.083549, -0.015306
100.000000, 19, -0.319531, 0.000000, -0.016206, -0.126856, -0.085057, -0.015306
100.000000, 0, -0.316444, 0.000000, -0.541613, -0.002570, -0.000777, -0.015112
100.000000, 1, -0.316444, 0.000000, -0.436351, -0.004650, -0.002688, -0.015112
100.000000, 2, -0.316444, 0.000000, -0.351846, -0.008738, -0.005537, -0.015112
100.000000, 3, -0.316444, 0.000000, -0.284003, -0.014803, -0.009608, -0.015112
100.000000, 4, -0.316444, 0.000000, -0.229538, -0.022692, -0.014917, -0.015112
100.000000, 5, -0.316444, 0.000000, -0.185813, -0.031965, -0.021267, -0.015112
100.000000, 6, -0.316444, 0.000000, -0.150709, -0.041681, -0.028306, -0.015112
100.000000, 7, -0.316444, 0.000000, -0.122527, -0.051326, -0.035679, -0.015112
100.000000, 8, -0.316444, 0.000000, -0.099902, -0.060859, -0.043047, -0.015112
100.000000, 9, -0.316444, 0.000000, -0.081739, -0.070473, -0.050120, -0.015112
100.000000, 10, -0.316444, 0.000000, -0.067157, -0.080338, -0.056713, -0.015112
100.000000, 11, -0.316444, 0.000000, -0.055450, -0.090034, -0.062720, -0.015112
100.000000, 12, -0.316444, 0.000000, -0.046052, -0.098654, -0.068070, -0.015112
100.000000, 13, -0.316444, 0.000000, -0.038507, -0.105490, -0.072700, -0.015112
100.000000, 14, -0.316444, 0.000000, -0.032449, -0.110535, -0.076598, -0.015112
100.000000, 15, -0.316444, 0.000000, -0.027586, -0.114281, -0.079815, -0.015112
100.000000, 16, -0.316444, 0.000000, -0.023682, -0.117338, -0.082463, -0.015112
100.000000, 17, -0.316444, 0.000000, -0.020548, -0.120061, -0.084658, -0.015112
100.000000, 18, -0.316444, 0.000000, -0.018032, -0.122537, -0.086497, -0.015112
100.000000, 19, -0.316444, 0.000000, -0.016012, -0.124746, -0.088045, -0.015112
100.000000, 0, -0.313357, 0.000000, -0.541593, -0.002529, -0.000807, -0.014910
100.000000, 1, -0.313357, 0.000000, -0.436295, -0.004575, -0.002790, -0.014910
100.000000, 2, -0.313357, 0.000000, -0.351760, -0.008598, -0.005747, -0.014910
100.000000, 3, -0.313357, 0.000000, -0.283894, -0.014567, -0.009972, -0.014910
100.000000, 4, -0.313357, 0.000000, -0.229410, -0.022328, -0.015478, -0.014910
100.000000, 5, -0.313357, 0.000000, -0.185669, -0.031448, -0.022058, -0.014910
100.000000, 6, -0.313357, 0.000000, -0.150553, -0.040995, -0.029345, -0.014910
100.000000, 7, -0.313357, 0.000000, -0.122362, -0.050455, -0.036969, -0.014910
100.000000, 8, -0.313357, 0.000000, -0.099729, -0.059808, -0.044583, -0.014910
100.000000, 9, -0.313357, 0.000000, -0.081559, -0.069251, -0.051887, -0.014910
100.000000, 10, -0.313357, 0.000000, -0.066972, -0.078960, -0.058689, -0.014910
100.000000, 11, -0.313357, 0.000000, -0.055262, -0.088509, -0.064887, -0.014910
100.000000, 12, -0.313357, 0.000000, -0.045860, -0.096994, -0.070403, -0.014910
100.000000, 13, -0.313357, 0.000000, -0.038312, -0.103706, -0.075179, -0.014910
100.000000, 14, -0.313357, 0.000000, -0.032253, -0.108648, -0.079200, -0.014910
100.000000, 15, -0.313357, 0.000000, -0.027388, -0.112308, -0.082521, -0.014910
100.000000, 16, -0.313357, 0.000000, -0.023483, -0.115297, -0.085250, -0.014910
100.000000, 17, -0.313357, 0.000000, -0.020348, -0.117965, -0.087510, -0.014910
100.000000, 18, -0.313357, 0.000000, -0.017830, -0.120396, -0.089398, -0.014910
100.000000, 19, -0.313357, 0.000000, -0.015810, -0.122567, -0.090985, -0.014910
100.000000, 0, -0.310269, 0.000000, -0.541572, -0.002485, -0.000836, -0.014699
100.000000, 1, -0.310269, 0.000000, -0.436236, -0.004497, -0.002891, -0.014699
100.000000, 2, -0.310269, 0.000000, -0.351671, -0.008453, -0.005955, -0.014699
100.000000, 3, -0.310269, 0.000000, -0.283780, -0.014322, -0.010332, -0.014699
100.000000, 4, -0.310269, 0.000000, -0.229277, -0.021950, -0.016031, -0.014699
100.000000, 5, -0.310269, 0.000000, -0.185520, -0.030913, -0.022837, -0.014699
100.000000, 6, -0.310269, 0.000000, -0.150392, -0.040286, -0.030369, -0.014699
100.000000, 7, -0.310269, 0.000000, -0.122190, -0.049556, -0.038240, -0.014699
100.000000, 8, -0.310269, 0.000000, -0.099549, -0.058722, -0.046095, -0.014699
100.000000, 9, -0.310269, 0.000000, -0.081373, -0.067991, -0.053625, -0.014699
100.000000, 10, -0.310269, 0.000000, -0.066781, -0.077539, -0.060634, -0.014699
100.000000, 11, -0.310269, 0.000000, -0.055066, -0.086935, -0.067017, -0.014699
100.000000, 12, -0.310269, 0.000000, -0.045661, -0.095282, -0.072697, -0.014699
100.000000, 13, -0.310269, 0.000000, -0.038110, -0.101869, -0.077615, -0.014699
100.000000, 14, -0.310269, 0.000000, -0.032049, -0.106704, -0.081758, -0.014699
100.000000, 15, -0.310269, 0.000000, -0.027182, -0.110276, -0.085181, -0.014699
100.000000, 16, -0.310269, 0.000000, -0.023276, -0.113193, -0.087991, -0.014699
100.000000, 17, -0.310269, 0.000000, -0.020139, -0.115805, -0.090314, -0.014699
100.000000, 18, -0.310269, 0.000000, -0.017621, -0.118190, -0.092251, -0.014699
100.000000, 19, -0.310269, 0.000000, -0.015600, -0.120321, -0.093876, -0.014699
100.000000, 0, -0.307182, 0.000000, -0.541550, -0.002441, -0.000864, -0.014481
100.000000, 1, -0.307182, 0.000000, -0.436175, -0.004416, -0.002990, -0.014481
100.000000, 2, -0.307182, 0.000000, -0.351578, -0.008303, -0.006159, -0.014481
100.000000, 3, -0.307182, 0.000000, -0.283662, -0.014069, -0.010685, -0.014481
100.000000, 4, -0.307182, 0.000000, -0.229138, -0.021560, -0.016575, -0.014481
100.000000, 5, -0.307182, 0.000000, -0.185366, -0.030360, -0.023603, -0.014481
100.000000, 6, -0.307182, 0.000000, -0.150224, -0.039553, -0.031376, -0.014481
100.000000, 7, -0.307182, 0.000000, -0.122012, -0.048628, -0.039490, -0.014481
100.000000, 8, -0.307182, 0.000000, -0.099363, -0.057602, -0.047582, -0.014481
100.000000, 9, -0.307182, 0.000000, -0.081180, -0.066691, -0.055335, -0.014481
100.000000, 10, -0.307182, 0.000000, -0.066582, -0.076074, -0.062546, -0.014481
100.000000, 11, -0.307182, 0.000000, -0.054863, -0.085315, -0.069110, -0.014481
100.000000, 12, -0.307182, 0.000000, -0.045454, -0.093521, -0.074950, -0.014481
100.000000, 13, -0.307182, 0.000000, -0.037901, -0.099978, -0.080007, -0.014481
100.000000, 14, -0.307182, 0.000000, -0.031837, -0.104705, -0.084270, -0.014481
100.000000, 15, -0.307182, 0.000000, -0.026969, -0.108185, -0.087793, -0.014481
100.000000, 16, -0.307182, 0.000000, -0.023060, -0.111027, -0.090684, -0.014481
100.000000, 17, -0.307182, 0.000000, -0.019923, -0.113580, -0.093069, -0.014481
100.000000, 18, -0.307182, 0.000000, -0.017404, -0.115918, -0.095053, -0.014481
100.000000, 19, -0.307182, 0.000000, -0.015382, -0.118009, -0.096715, -0.014481
100.000000, 0, -0.304095, 0.000000, -0.541527, -0.002394, -0.000892, -0.014255
100.000000, 1, -0.304095, 0.000000, -0.436112, -0.004333, -0.003087, -0.014255
100.000000, 2, -0.304095, 0.000000, -0.351482, -0.008147, -0.006360, -0.014255
100.000000, 3, -0.304095, 0.000000, -0.283540, -0.013807, -0.011033, -0.014255
100.000000, 4, -0.304095, 0.000000, -0.228995, -0.021156, -0.017111, -0.014255
100.000000, 5, -0.304095, 0.000000, -0.185205, -0.029790, -0.024358, -0.014255
100.000000, 6, -0.304095, 0.000000, -0.150050, -0.038797, -0.032367, -0.014255
100.000000, 7, -0.304095, 0.000000, -0.121827, -0.047672, -0.040720, -0.014255
100.000000, 8, -0.304095, 0.000000, -0.099169, -0.056448, -0.049043, -0.014255
100.000000, 9, -0.304095, 0.000000, -0.080979, -0.065354, -0.057015, -0.014255
100.000000, 10, -0.304095, 0.000000, -0.066376, -0.074568, -0.064424, -0.014255
100.000000, 11, -0.304095, 0.000000, -0.054652, -0.083649, -0.071165, -0.014255
100.000000, 12, -0.304095, 0.000000, -0.045240, -0.091710, -0.077162, -0.014255
100.000000, 13, -0.304095, 0.000000, -0.037684, -0.098036, -0.082356, -0.014255
100.000000, 14, -0.304095, 0.000000, -0.031617, -0.102650, -0.086735, -0.014255
100.000000, 15, -0.304095, 0.000000, -0.026747, -0.106037, -0.090355, -0.014255
100.000000, 16, -0.304095, 0.000000, -0.022837, -0.108801, -0.093326, -0.014255
100.000000, 17, -0.304095, 0.000000, -0.019699, -0.111293, -0.095773, -0.014255
100.000000, 18, -0.304095, 0.000000, -0.017179, -0.113581, -0.097804, -0.014255
100.000000, 19, -0.304095, 0.000000, -0.015156, -0.115631, -0.099501, -0.014255
100.000000, 0, -0.301008, 0.000000, -0.541504, -0.002347, -0.000920, -0.014021
100.000000, 1, -0.301008, 0.000000, -0.436046, -0.004247, -0.003183, -0.014021
100.000000, 2, -0.301008, 0.000000, -0.351383, -0.007987, -0.006558, -0.014021
100.000000, 3, -0.301008, 0.000000, -0.283414, -0.013537, -0.011376, -0.014021
100.000000, 4, -0.301008, 0.000000, -0.228847, -0.020741, -0.017638, -0.014021
100.000000, 5, -0.301008, 0.000000, -0.185040, -0.029201, -0.025100, -0.014021
100.000000, 6, -0.301008, 0.000000, -0.149870, -0.038018, -0.033341, -0.014021
100.000000, 7, -0.301008, 0.000000, -0.121636, -0.046688, -0.041927, -0.014021
100.000000, 8, -0.301008, 0.000000, -0.098969, -0.055261, -0.050478, -0.014021
100.000000, 9, -0.301008, 0.000000, -0.080772, -0.063980, -0.058664, -0.014021
100.000000, 10, -0.301008, 0.000000, -0.066162, -0.073019, -0.066267, -0.014021
100.000000, 11, -0.301008, 0.000000, -0.054434, -0.081938, -0.073182, -0.014021
100.000000, 12, -0.301008, 0.000000, -0.045018, -0.089850, -0.079332, -0.014021
100.000000, 13, -0.301008, 0.000000, -0.037459, -0.096042, -0.084658, -0.014021
100.000000, 14, -0.301008, 0.000000, -0.031390, -0.100540, -0.089151, -0.014021
100.000000, 15, -0.301008, 0.000000, -0.026518, -0.103831, -0.092868, -0.014021
100.000000, 16, -0.301008, 0.000000, -0.022607, -0.106515, -0.095916, -0.014021
100.000000, 17, -0.301008, 0.000000, -0.019467, -0.108944, -0.098424, -0.014021
100.000000, 18, -0.301008, 0.000000, -0.016946, -0.111182, -0.100501, -0.014021
100.000000, 19, -0.301008, 0.000000, -0.014922, -0.113190, -0.102233, -0.014021
100.000000, 0, -0.297920, 0.000000, -0.541480, -0.002297, -0.000947, -0.013779
100.000000, 1, -0.297920, 0.000000, -0.435978, -0.004158, -0.003277, -0.013779
100.000000, 2, -0.297920, 0.000000, -0.351280, -0.007822, -0.006752, -0.013779
100.000000, 3, -0.297920, 0.000000, -0.283283, -0.013259, -0.011712, -0.013779
100.000000, 4, -0.297920, 0.000000, -0.228693, -0.020313, -0.018156, -0.013779
100.000000, 5, -0.297920, 0.000000, -0.184868, -0.028596, -0.025828, -0.013779
100.000000, 6, -0.297920, 0.000000, -0.149685, -0.037217, -0.034298, -0.013779
100.000000, 7, -0.297920, 0.000000, -0.121439, -0.045678, -0.043113, -0.013779
100.000000, 8, -0.297920, 0.000000, -0.098762, -0.054041, -0.051887, -0.013779
100.000000, 9, -0.297920, 0.000000, -0.080557, -0.062569, -0.060282, -0.013779
100.000000, 10, -0.297920, 0.000000, -0.065942, -0.071430, -0.068076, -0.013779
100.000000, 11, -0.297920, 0.000000, -0.054209, -0.080182, -0.075160, -0.013779
100.000000, 12, -0.297920, 0.000000, -0.044789, -0.087941, -0.081458, -0.013779
100.000000, 13, -0.297920, 0.000000, -0.037226, -0.093998, -0.086914, -0.013779
100.000000, 14, -0.297920, 0.000000, -0.031155, -0.098378, -0.091517, -0.013779
100.000000, 15, -0.297920, 0.000000, -0.026281, -0.101571, -0.095327, -0.013779
100.000000, 16, -0.297920, 0.000000, -0.022368, -0.104172, -0.098452, -0.013779
100.000000, 17, -0.297920, 0.000000, -0.019227, -0.106535, -0.101020, -0.013779
100.000000, 18, -0.297920, 0.000000, -0.016705, -0.108722, -0.103143, -0.013779
100.000000, 19, -0.297920, 0.000000, -0.014680, -0.110687, -0.104909, -0.013779
100.000000, 0, -0.294833, 0.000000, -0.541455, -0.002247, -0.000974, -0.013529
100.000000, 1, -0.294833, 0.000000, -0.435908, -0.004067, -0.003369, -0.013529
100.000000, 2, -0.294833, 0.000000, -0.351174, -0.007652, -0.006942, -0.013529
100.000000, 3, -0.294833, 0.000000, -0.283148, -0.012972, -0.012042, -0.013529
100.000000, 4, -0.294833, 0.000000, -0.228535, -0.019872, -0.018664, -0.013529
100.000000, 5, -0.294833, 0.000000, -0.184691, -0.027974, -0.026544, -0.013529
100.000000, 6, -0.294833, 0.000000, -0.149493, -0.036394, -0.035236, -0.013529
100.000000, 7, -0.294833, 0.000000, -0.121235, -0.044641, -0.044276, -0.013529
100.000000, 8, -0.294833, 0.000000, -0.098549, -0.052789, -0.053267, -0.013529
100.000000, 9, -0.294833, 0.000000, -0.080336, -0.061122, -0.061868, -0.013529
100.000000, 10, -0.294833, 0.000000, -0.065714, -0.069800, -0.069848, -0.013529
100.000000, 11, -0.294833, 0.000000, -0.053976, -0.078384, -0.077097, -0.013529
100.000000, 12, -0.294833, 0.000000, -0.044552, -0.085985, -0.083540, -0.013529
100.000000, 13, -0.294833, 0.000000, -0.036987, -0.091904, -0.089121, -0.013529
100.000000, 14, -0.294833, 0.000000, -0.030913, -0.096163, -0.093832, -0.013529
100.000000, 15, -0.294833, 0.000000, -0.026037, -0.099256, -0.097733, -0.013529
100.000000, 16, -0.294833, 0.000000, -0.022122, -0.101772, -0.100932, -0.013529
100.000000, 17, -0.294833, 0.000000, -0.018979, -0.104067, -0.103559, -0.013529
100.000000, 18, -0.294833, 0.000000, -0.016456, -0.106201, -0.105728, -0.013529
100.000000, 19, -0.294833, 0.000000, -0.014431, -0.108122, -0.107526, -0.013529
100.000000, 0, -0.291746, 0.000000, -0.541429, -0.002195, -0.000999, -0.013271
100.000000, 1, -0.291746, 0.000000, -0.435836, -0.003973, -0.003459, -0.013271
100.000000, 2, -0.291746, 0.000000, -0.351065, -0.007478, -0.007129, -0.013271
100.000000, 3, -0.291746, 0.000000, -0.283009, -0.012678, -0.012365, -0.013271
100.000000, 4, -0.291746, 0.000000, -0.228372, -0.019420, -0.019162, -0.013271
100.000000, 5, -0.291746, 0.000000, -0.184509, -0.027336, -0.027245, -0.013271
100.000000, 6, -0.291746, 0.000000, -0.149295, -0.035550, -0.036156, -0.013271
100.000000, 7, -0.291746, 0.000000, -0.121024, -0.043578, -0.045416, -0.013271
100.000000, 8, -0.291746, 0.000000, -0.098328, -0.051506, -0.054620, -0.013271
100.000000, 9, -0.291746, 0.000000, -0.080108, -0.059639, -0.063421, -0.013271
100.000000, 10, -0.291746, 0.000000, -0.065480, -0.068131, -0.071582, -0.013271
100.000000, 11, -0.291746, 0.000000, -0.053736, -0.076542, -0.078993, -0.013271
100.000000, 12, -0.291746, 0.000000, -0.044308, -0.083983, -0.085576, -0.013271
100.000000, 13, -0.291746, 0.000000, -0.036739, -0.089762, -0.091278, -0.013271
100.000000, 14, -0.291746, 0.000000, -0.030663, -0.093897, -0.096093, -0.013271
100.000000, 15, -0.291746, 0.000000, -0.025785, -0.096888, -0.100082, -0.013271
100.000000, 16, -0.291746, 0.000000, -0.021868, -0.099318, -0.103355, -0.013271
100.000000, 17, -0.291746, 0.000000, -0.018724, -0.101543, -0.106040, -0.013271
100.000000, 18, -0.291746, 0.000000, -0.016200, -0.103621, -0.108253, -0.013271
100.000000, 19, -0.291746, 0.000000, -0.014174, -0.105498, -0.110084, -0.013271
100.000000, 0, -0.288659, 0.000000, -0.541403, -0.002142, -0.001025, -0.013006
100.000000, 1, -0.288659, 0.000000, -0.435762, -0.003877, -0.003547, -0.013006
100.000000, 2, -0.288659, 0.000000, -0.350952, -0.007299, -0.007312, -0.013006
100.000000, 3, -0.288659, 0.000000, -0.282865, -0.012376, -0.012683, -0.013006
100.000000, 4, -0.288659, 0.000000, -0.228204, -0.018956, -0.019651, -0.013006
100.000000, 5, -0.288659, 0.000000, -0.184321, -0.026681, -0.027932, -0.013006
100.000000, 6, -0.288659, 0.000000, -0.149091, -0.034684, -0.037058, -0.013006
100.000000, 7, -0.288659, 0.000000, -0.120808, -0.042490, -0.046532, -0.013006
100.000000, 8, -0.288659, 0.000000, -0.098102, -0.050191, -0.055944, -0.013006
100.000000, 9, -0.288659, 0.000000, -0.079873, -0.058122, -0.064940, -0.013006
100.000000, 10, -0.288659, 0.000000, -0.065238, -0.066424, -0.073279, -0.013006
100.000000, 11, -0.288659, 0.000000, -0.053489, -0.074660, -0.080846, -0.013006
100.000000, 12, -0.288659, 0.000000, -0.044057, -0.081936, -0.087565, -0.013006
100.000000, 13, -0.288659, 0.000000, -0.036485, -0.087572, -0.093384, -0.013006
100.000000, 14, -0.288659, 0.000000, -0.030406, -0.091582, -0.098299, -0.013006
100.000000, 15, -0.288659, 0.000000, -0.025525, -0.094468, -0.102373, -0.013006
100.000000, 16, -0.288659, 0.000000, -0.021607, -0.096810, -0.105717, -0.013006
100.000000, 17, -0.288659, 0.000000, -0.018462, -0.098962, -0.108460, -0.013006
100.000000, 18, -0.288659, 0.000000, -0.015936, -0.100983, -0.110716, -0.013006
100.000000, 19, -0.288659, 0.000000, -0.013909, -0.102814, -0.112580, -0.013006
100.000000, 0, -0.285571, 0.000000, -0.541375, -0.002087, -0.001050, -0.012734
100.000000, 1, -0.285571, 0.000000, -0.435686, -0.003778, -0.003633, -0.012734
100.000000, 2, -0.285571, 0.000000, -0.350837, -0.007115, -0.007491, -0.012734
100.000000, 3, -0.285571, 0.000000, -0.282718, -0.012067, -0.012993, -0.012734
100.000000, 4, -0.285571, 0.000000, -0.228032, -0.018481, -0.020129, -0.012734
100.000000, 5, -0.285571, 0.000000, -0.184128, -0.026010, -0.028605, -0.012734
100.000000, 6, -0.285571, 0.000000, -0.148882, -0.033798, -0.037940, -0.012734
100.000000, 7, -0.285571, 0.000000, -0.120585, -0.041376, -0.047624, -0.012734
100.000000, 8, -0.285571, 0.000000, -0.097869, -0.048847, -0.057238, -0.012734
100.000000, 9, -0.285571, 0.000000, -0.079631, -0.056570, -0.066424, -0.012734
100.000000, 10, -0.285571, 0.000000, -0.064990, -0.064680, -0.074936, -0.012734
100.000000, 11, -0.285571, 0.000000, -0.053236, -0.072736, -0.082656, -0.012734
100.000000, 12, -0.285571, 0.000000, -0.043799, -0.079845, -0.089507, -0.012734
100.000000, 13, -0.285571, 0.000000, -0.036223, -0.085336, -0.095438, -0.012734
100.000000, 14, -0.285571, 0.000000, -0.030141, -0.089218, -0.100448, -0.012734
100.000000, 15, -0.285571, 0.000000, -0.025258, -0.091997, -0.104605, -0.012734
100.000000, 16, -0.285571, 0.000000, -0.021339, -0.094249, -0.108018, -0.012734
100.000000, 17, -0.285571, 0.000000, -0.018192, -0.096328, -0.110816, -0.012734
100.000000, 18, -0.285571, 0.000000, -0.015665, -0.098290, -0.113116, -0.012734
100.000000, 19, -0.285571, 0.000000, -0.013637, -0.100073, -0.115012, -0.012734
100.000000, 0, -0.282484, 0.000000, -0.541347, -0.002031, -0.001074, -0.012454
100.000000, 1, -0.282484, 0.000000, -0.435608, -0.003677, -0.003718, -0.012454
100.000000, 2, -0.282484, 0.000000, -0.350718, -0.006927, -0.007665, -0.012454
100.000000, 3, -0.282484, 0.000000, -0.282567, -0.011750, -0.013297, -0.012454
100.000000, 4, -0.282484, 0.000000, -0.227854, -0.017994, -0.020596, -0.012454
100.000000, 5, -0.282484, 0.000000, -0.183930, -0.025323, -0.029263, -0.012454
100.000000, 6, -0.282484, 0.000000, -0.148667, -0.032891, -0.038802, -0.012454
100.000000, 7, -0.282484, 0.000000, -0.120357, -0.040237, -0.048692, -0.012454
100.000000, 8, -0.282484, 0.000000, -0.097629, -0.047473, -0.058502, -0.012454
100.000000, 9, -0.282484, 0.000000, -0.079383, -0.054985, -0.067873, -0.012454
100.000000, 10, -0.282484, 0.000000, -0.064735, -0.062898, -0.076553, -0.012454
100.000000, 11, -0.282484, 0.000000, -0.052975, -0.070772, -0.084421, -0.012454
100.000000, 12, -0.282484, 0.000000, -0.043534, -0.077712, -0.091399, -0.012454
100.000000, 13, -0.282484, 0.000000, -0.035954, -0.083054, -0.097438, -0.012454
100.000000, 14, -0.282484, 0.000000, -0.029869, -0.086807, -0.102541, -0.012454
100.000000, 15, -0.282484, 0.000000, -0.024984, -0.089478, -0.106776, -0.012454
100.000000, 16, -0.282484, 0.000000, -0.021063, -0.091638, -0.110255, -0.012454
100.000000, 17, -0.282484, 0.000000, -0.017914, -0.093641, -0.113108, -0.012454
100.000000, 18, -0.282484, 0.000000, -0.015386, -0.095541, -0.115450, -0.012454
100.000000, 19, -0.282484, 0.000000, -0.013357, -0.097276, -0.117377, -0.012454
100.000000, 0, -0.279397, 0.000000, -0.541319, -0.001974, -0.001097, -0.012166
100.000000, 1, -0.279397, 0.000000, -0.435527, -0.003574, -0.003800, -0.012166
100.000000, 2, -0.279397, 0.000000, -0.350596, -0.006735, -0.007836, -0.012166
100.000000, 3, -0.279397, 0.000000, -0.282412, -0.011425, -0.013593, -0.012166
100.000000, 4, -0.279397, 0.000000, -0.227672, -0.017497, -0.021053, -0.012166
100.000000, 5, -0.279397, 0.000000, -0.183726, -0.024621, -0.029906, -0.012166
100.000000, 6, -0.279397, 0.000000, -0.148446, -0.031964, -0.039644, -0.012166
100.000000, 7, -0.279397, 0.000000, -0.120122, -0.039074, -0.049733, -0.012166
100.000000, 8, -0.279397, 0.000000, -0.097383, -0.046071, -0.059735, -0.012166
100.000000, 9, -0.279397, 0.000000, -0.079128, -0.053366, -0.069286, -0.012166
100.000000, 10, -0.279397, 0.000000, -0.064473, -0.061081, -0.078130, -0.012166
100.000000, 11, -0.279397, 0.000000, -0.052707, -0.068769, -0.086141, -0.012166
100.000000, 12, -0.279397, 0.000000, -0.043262, -0.075538, -0.093242, -0.012166
100.000000, 13, -0.279397, 0.000000, -0.035678, -0.080729, -0.099384, -0.012166
100.000000, 14, -0.279397, 0.000000, -0.029591, -0.084350, -0.104574, -0.012166
100.000000, 15, -0.279397, 0.000000, -0.024703, -0.086910, -0.108884, -0.012166
100.000000, 16, -0.279397, 0.000000, -0.020779, -0.088978, -0.112428, -0.012166
100.000000, 17, -0.279397, 0.000000, -0.017629, -0.090902, -0.115332, -0.012166
100.000000, 18, -0.279397, 0.000000, -0.015100, -0.092739, -0.117716, -0.012166
100.000000, 19, -0.279397, 0.000000, -0.013070, -0.094425, -0.119674, -0.012166
100.000000, 0, -0.276309, 0.000000, -0.541289, -0.001916, -0.001120, -0.011872
100.000000, 1, -0.276309, 0.000000, -0.435445, -0.003469, -0.003880, -0.011872
100.000000, 2, -0.276309, 0.000000, -0.350471, -0.006538, -0.008002, -0.011872
100.000000, 3, -0.276309, 0.000000, -0.282252, -0.011094, -0.013882, -0.011872
100.000000, 4, -0.276309, 0.000000, -0.227486, -0.016988, -0.021499, -0.011872
100.000000, 5, -0.276309, 0.000000, -0.183518, -0.023904, -0.030534, -0.011872
100.000000, 6, -0.276309, 0.000000, -0.148220, -0.031018, -0.040466, -0.011872
100.000000, 7, -0.276309, 0.000000, -0.119882, -0.037888, -0.050749, -0.011872
100.000000, 8, -0.276309, 0.000000, -0.097132, -0.044640, -0.060937, -0.011872
100.000000, 9, -0.276309, 0.000000, -0.078867, -0.051716, -0.070662, -0.011872
100.000000, 10, -0.276309, 0.000000, -0.064205, -0.059229, -0.079664, -0.011872
100.000000, 11, -0.276309, 0.000000, -0.052433, -0.066729, -0.087814, -0.011872
100.000000, 12, -0.276309, 0.000000, -0.042983, -0.073324, -0.095034, -0.011872
100.000000, 13, -0.276309, 0.000000, -0.035396, -0.078361, -0.101275, -0.011872
100.000000, 14, -0.276309, 0.000000, -0.029305, -0.081849, -0.106548, -0.011872
100.000000, 15, -0.276309, 0.000000, -0.024415, -0.084297, -0.110930, -0.011872
100.000000, 16, -0.276309, 0.000000, -0.020489, -0.086270, -0.114533, -0.011872
100.000000, 17, -0.276309, 0.000000, -0.017338, -0.088116, -0.117488, -0.011872
100.000000, 18, -0.276309, 0.000000, -0.014807, -0.089888, -0.119911, -0.011872
100.000000, 19, -0.276309, 0.000000, -0.012776, -0.091523, -0.121899, -0.011872
100.000000, 0, -0.273222, 0.000000, -0.541259, -0.001856, -0.001142, -0.011570
100.000000, 1, -0.273222, 0.000000, -0.435360, -0.003361, -0.003958, -0.011570
100.000000, 2, -0.273222, 0.000000, -0.350343, -0.006337, -0.008165, -0.011570
100.000000, 3, -0.273222, 0.000000, -0.282090, -0.010755, -0.014164, -0.011570
100.000000, 4, -0.273222, 0.000000, -0.227295, -0.016469, -0.021934, -0.011570
100.000000, 5, -0.273222, 0.000000, -0.183304, -0.023172, -0.031146, -0.011570
100.000000, 6, -0.273222, 0.000000, -0.147988, -0.030053, -0.041267, -0.011570
100.000000, 7, -0.273222, 0.000000, -0.119636, -0.036678, -0.051739, -0.011570
100.000000, 8, -0.273222, 0.000000, -0.096874, -0.043182, -0.062106, -0.011570
100.000000, 9, -0.273222, 0.000000, -0.078600, -0.050034, -0.072000, -0.011570
100.000000, 10, -0.273222, 0.000000, -0.063930, -0.057343, -0.081155, -0.011570
100.000000, 11, -0.273222, 0.000000, -0.052152, -0.064652, -0.089440, -0.011570
100.000000, 12, -0.273222, 0.000000, -0.042697, -0.071072, -0.096774, -0.011570
100.000000, 13, -0.273222, 0.000000, -0.035106, -0.075952, -0.103110, -0.011570
100.000000, 14, -0.273222, 0.000000, -0.029012, -0.079304, -0.108462, -0.011570
100.000000, 15, -0.273222, 0.000000, -0.024120, -0.081639, -0.112911, -0.011570
100.000000, 16, -0.273222, 0.000000, -0.020192, -0.083517, -0.116571, -0.011570
100.000000, 17, -0.273222, 0.000000, -0.017039, -0.085282, -0.119574, -0.011570
100.000000, 18, -0.273222, 0.000000, -0.014507, -0.086988, -0.122035, -0.011570
100.000000, 19, -0.273222, 0.000000, -0.012475, -0.088571, -0.124052, -0.011570
100.000000, 0, -0.270135, 0.000000, -0.541228, -0.001796, -0.001164, -0.011261
100.000000, 1, -0.270135, 0.000000, -0.435274, -0.003251, -0.004033, -0.011261
100.000000, 2, -0.270135, 0.000000, -0.350212, -0.006133, -0.008322, -0.011261
100.000000, 3, -0.270135, 0.000000, -0.281923, -0.010410, -0.014439, -0.011261
100.000000, 4, -0.270135, 0.000000, -0.227099, -0.015940, -0.022357, -0.011261
100.000000, 5, -0.270135, 0.000000, -0.183086, -0.022426, -0.031741, -0.011261
100.000000, 6, -0.270135, 0.000000, -0.147751, -0.029069, -0.042046, -0.011261
100.000000, 7, -0.270135, 0.000000, -0.119384, -0.035445, -0.052701, -0.011261
100.000000, 8, -0.270135, 0.000000, -0.096610, -0.041698, -0.063243, -0.011261
100.000000, 9, -0.270135, 0.000000, -0.078327, -0.048322, -0.073299, -0.011261
100.000000, 10, -0.270135, 0.000000, -0.063649, -0.055423, -0.082603, -0.011261
100.000000, 11, -0.270135, 0.000000, -0.051865, -0.062539, -0.091018, -0.011261
100.000000, 12, -0.270135, 0.000000, -0.042405, -0.068782, -0.098462, -0.011261
100.000000, 13, -0.270135, 0.000000, -0.034810, -0.073504, -0.104888, -0.011261
100.000000, 14, -0.270135, 0.000000, -0.028713, -0.076717, -0.110315, -0.011261
100.000000, 15, -0.270135, 0.000000, -0.023818, -0.078938, -0.114827, -0.011261
100.000000, 16, -0.270135, 0.000000, -0.019888, -0.080721, -0.118541, -0.011261
100.000000, 17, -0.270135, 0.000000, -0.016733, -0.082405, -0.121589, -0.011261
100.000000, 18, -0.270135, 0.000000, -0.014200, -0.084042, -0.124087, -0.011261
100.000000, 19, -0.270135, 0.000000, -0.012167, -0.085573, -0.126132, -0.011261
100.000000, 0, -0.267048, 0.000000, -0.541197, -0.001734, -0.001185, -0.010946
100.000000, 1, -0.267048, 0.000000, -0.435186, -0.003139, -0.004106, -0.010946
100.000000, 2, -0.267048, 0.000000, -0.350078, -0.005924, -0.008475, -0.010946
100.000000, 3, -0.267048, 0.000000, -0.281753, -0.010058, -0.014706, -0.010946
100.000000, 4, -0.267048, 0.000000, -0.226899, -0.015400, -0.022769, -0.010946
100.000000, 5, -0.267048, 0.000000, -0.182862, -0.021666, -0.032320, -0.010946
100.000000, 6, -0.267048, 0.000000, -0.147509, -0.028068, -0.042803, -0.010946
100.000000, 7, -0.267048, 0.000000, -0.119126, -0.034190, -0.053636, -0.010946
100.000000, 8, -0.267048, 0.000000, -0.096340, -0.040189, -0.064346, -0.010946
100.000000, 9, -0.267048, 0.000000, -0.078047, -0.046580, -0.074559, -0.010946
100.000000, 10, -0.267048, 0.000000, -0.063362, -0.053471, -0.084007, -0.010946
100.000000, 11, -0.267048, 0.000000, -0.051571, -0.060391, -0.092547, -0.010946
100.000000, 12, -0.267048, 0.000000, -0.042106, -0.066455, -0.100097, -0.010946
100.000000, 13, -0.267048, 0.000000, -0.034507, -0.071017, -0.106609, -0.010946
100.000000, 14, -0.267048, 0.000000, -0.028407, -0.074091, -0.112107, -0.010946
100.000000, 15, -0.267048, 0.000000, -0.023509, -0.076196, -0.116677, -0.010946
100.000000, 16, -0.267048, 0.000000, -0.019577, -0.077883, -0.120442, -0.010946
100.000000, 17, -0.267048, 0.000000, -0.016421, -0.079485, -0.123532, -0.010946
100.000000, 18, -0.267048, 0.000000, -0.013887, -0.081054, -0.126064, -0.010946
100.000000, 19, -0.267048, 0.000000, -0.011852, -0.082530, -0.128136, -0.010946
100.000000, 0, -0.263960, 0.000000, -0.541165, -0.001671, -0.001205, -0.010624
100.000000, 1, -0.263960, 0.000000, -0.435096, -0.003025, -0.004177, -0.010624
100.000000, 2, -0.263960, 0.000000, -0.349942, -0.005711, -0.008623, -0.010624
100.000000, 3, -0.263960, 0.000000, -0.281579, -0.009699, -0.014965, -0.010624
100.000000, 4, -0.263960, 0.000000, -0.226696, -0.014851, -0.023169, -0.010624
100.000000, 5, -0.263960, 0.000000, -0.182634, -0.020891, -0.032883, -0.010624
100.000000, 6, -0.263960, 0.000000, -0.147262, -0.027048, -0.043538, -0.010624
100.000000, 7, -0.263960, 0.000000, -0.118864, -0.032913, -0.054543, -0.010624
100.000000, 8, -0.263960, 0.000000, -0.096065, -0.038654, -0.065415, -0.010624
100.000000, 9, -0.263960, 0.000000, -0.077762, -0.044809, -0.075778, -0.010624
100.000000, 10, -0.263960, 0.000000, -0.063068, -0.051488, -0.085365, -0.010624
100.000000, 11, -0.263960, 0.000000, -0.051272, -0.058210, -0.094027, -0.010624
100.000000, 12, -0.263960, 0.000000, -0.041801, -0.064095, -0.101678, -0.010624
100.000000, 13, -0.263960, 0.000000, -0.034198, -0.068494, -0.108273, -0.010624
100.000000, 14, -0.263960, 0.000000, -0.028094, -0.071427, -0.113837, -0.010624
100.000000, 15, -0.263960, 0.000000, -0.023194, -0.073415, -0.118462, -0.010624
100.000000, 16, -0.263960, 0.000000, -0.019260, -0.075006, -0.122273, -0.010624
100.000000, 17, -0.263960, 0.000000, -0.016102, -0.076526, -0.125402, -0.010624
100.000000, 18, -0.263960, 0.000000, -0.013566, -0.078025, -0.127967, -0.010624
100.000000, 19, -0.263960, 0.000000, -0.011531, -0.079448, -0.130064, -0.010624
100.000000, 0, -0.260873, 0.000000, -0.541132, -0.001607, -0.001224, -0.010296
100.000000, 1, -0.260873, 0.000000, -0.435004, -0.002910, -0.004246, -0.010296
100.000000, 2, -0.260873, 0.000000, -0.349802, -0.005495, -0.008767, -0.010296
100.000000, 3, -0.260873, 0.000000, -0.281401, -0.009334, -0.015215, -0.010296
100.000000, 4, -0.260873, 0.000000, -0.226487, -0.014291, -0.023556, -0.010296
100.000000, 5, -0.260873, 0.000000, -0.182402, -0.020103, -0.033428, -0.010296
100.000000, 6, -0.260873, 0.000000, -0.147009, -0.026012, -0.044250, -0.010296
100.000000, 7, -0.260873, 0.000000, -0.118595, -0.031615, -0.055421, -0.010296
100.000000, 8, -0.260873, 0.000000, -0.095784, -0.037096, -0.066449, -0.010296
100.000000, 9, -0.260873, 0.000000, -0.077471, -0.043011, -0.076957, -0.010296
100.000000, 10, -0.260873, 0.000000, -0.062769, -0.049474, -0.086677, -0.010296
100.000000, 11, -0.260873, 0.000000, -0.050966, -0.055996, -0.095455, -0.010296
100.000000, 12, -0.260873, 0.000000, -0.041490, -0.061700, -0.103204, -0.010296
100.000000, 13, -0.260873, 0.000000, -0.033883, -0.065936, -0.109878, -0.010296
100.000000, 14, -0.260873, 0.000000, -0.027776, -0.068726, -0.115505, -0.010296
100.000000, 15, -0.260873, 0.000000, -0.022873, -0.070596, -0.120181, -0.010296
100.000000, 16, -0.260873, 0.000000, -0.018937, -0.072090, -0.124035, -0.010296
100.000000, 17, -0.260873, 0.000000, -0.015776, -0.073529, -0.127201, -0.010296
100.000000, 18, -0.260873, 0.000000, -0.013240, -0.074958, -0.129796, -0.010296
100.000000, 19, -0.260873, 0.000000, -0.011203, -0.076326, -0.131917, -0.010296
100.000000, 0, -0.257786, 0.000000, -0.541099, -0.001543, -0.001243, -0.009961
100.000000, 1, -0.257786, 0.000000, -0.434910, -0.002792, -0.004312, -0.009961
100.000000, 2, -0.257786, 0.000000, -0.349660, -0.005275, -0.008905, -0.009961
100.000000, 3, -0.257786, 0.000000, -0.281220, -0.008963, -0.015458, -0.009961
100.000000, 4, -0.257786, 0.000000, -0.226275, -0.013723, -0.023931, -0.009961
100.000000, 5, -0.257786, 0.000000, -0.182165, -0.019302, -0.033956, -0.009961
100.000000, 6, -0.257786, 0.000000, -0.146752, -0.024959, -0.044939, -0.009961
100.000000, 7, -0.257786, 0.000000, -0.118322, -0.030297, -0.056270, -0.009961
100.000000, 8, -0.257786, 0.000000, -0.095498, -0.035515, -0.067448, -0.009961
100.000000, 9, -0.257786, 0.000000, -0.077174, -0.041185, -0.078093, -0.009961
100.000000, 10, -0.257786, 0.000000, -0.062464, -0.047431, -0.087942, -0.009961
100.000000, 11, -0.257786, 0.000000, -0.050654, -0.053752, -0.096833, -0.009961
100.000000, 12, -0.257786, 0.000000, -0.041173, -0.059273, -0.104674, -0.009961
100.000000, 13, -0.257786, 0.000000, -0.033562, -0.063344, -0.111423, -0.009961
100.000000, 14, -0.257786, 0.000000, -0.027451, -0.065989, -0.117111, -0.009961
100.000000, 15, -0.257786, 0.000000, -0.022545, -0.067741, -0.121834, -0.009961
100.000000, 16, -0.257786, 0.000000, -0.018607, -0.069139, -0.125727, -0.009961
100.000000, 17, -0.257786, 0.000000, -0.015445, -0.070496, -0.128926, -0.009961
100.000000, 18, -0.257786, 0.000000, -0.012906, -0.071855, -0.131549, -0.009961
100.000000, 19, -0.257786, 0.000000, -0.010869, -0.073166, -0.133694, -0.009961
100.000000, 0, -0.254699, 0.000000, -0.541065, -0.001477, -0.001261, -0.009620
100.000000, 1, -0.254699, 0.000000, -0.434815, -0.002673, -0.004376, -0.009620
100.000000, 2, -0.254699, 0.000000, -0.349516, -0.005052, -0.009039, -0.009620
100.000000, 3, -0.254699, 0.000000, -0.281036, -0.008586, -0.015692, -0.009620
100.000000, 4, -0.254699, 0.000000, -0.226059, -0.013145, -0.024293, -0.009620
100.000000, 5, -0.254699, 0.000000, -0.181923, -0.018489, -0.034466, -0.009620
100.000000, 6, -0.254699, 0.000000, -0.146490, -0.023890, -0.045605, -0.009620
100.000000, 7, -0.254699, 0.000000, -0.118044, -0.028958, -0.057090, -0.009620
100.000000, 8, -0.254699, 0.000000, -0.095206, -0.033911, -0.068411, -0.009620
100.000000, 9, -0.254699, 0.000000, -0.076872, -0.039333, -0.079187, -0.009620
100.000000, 10, -0.254699, 0.000000, -0.062153, -0.045358, -0.089160, -0.009620
100.000000, 11, -0.254699, 0.000000, -0.050337, -0.051478, -0.098158, -0.009620
100.000000, 12, -0.254699, 0.000000, -0.040850, -0.056815, -0.106088, -0.009620
100.000000, 13, -0.254699, 0.000000, -0.033234, -0.060719, -0.112909, -0.009620
100.000000, 14, -0.254699, 0.000000, -0.027120, -0.063220, -0.118653, -0.009620
100.000000, 15, -0.254699, 0.000000, -0.022211, -0.064851, -0.123420, -0.009620
100.000000, 16, -0.254699, 0.000000, -0.018271, -0.066153, -0.127350, -0.009620
100.000000, 17, -0.254699, 0.000000, -0.015107, -0.067429, -0.130579, -0.009620
100.000000, 18, -0.254699, 0.000000, -0.012567, -0.068718, -0.133228, -0.009620
100.000000, 19, -0.254699, 0.000000, -0.010528, -0.069972, -0.135393, -0.009620
100.000000, 0, -0.251611, 0.000000, -0.541030, -0.001411, -0.001279, -0.009273
100.000000, 1, -0.251611, 0.000000, -0.434718, -0.002552, -0.004437, -0.009273
100.000000, 2, -0.251611, 0.000000, -0.349368, -0.004825, -0.009167, -0.009273
100.000000, 3, -0.251611, 0.000000, -0.280848, -0.008203, -0.015918, -0.009273
100.000000, 4, -0.251611, 0.000000, -0.225840, -0.012559, -0.024643, -0.009273
100.000000, 5, -0.251611, 0.000000, -0.181677, -0.017662, -0.034959, -0.009273
100.000000, 6, -0.251611, 0.000000, -0.146223, -0.022805, -0.046248, -0.009273
100.000000, 7, -0.251611, 0.000000, -0.117760, -0.027600, -0.057880, -0.009273
100.000000, 8, -0.251611, 0.000000, -0.094910, -0.032286, -0.069338, -0.009273
100.000000, 9, -0.251611, 0.000000, -0.076565, -0.037456, -0.080239, -0.009273
100.000000, 10, -0.251611, 0.000000, -0.061837, -0.043258, -0.090330, -0.009273
100.000000, 11, -0.251611, 0.000000, -0.050014, -0.049175, -0.099429, -0.009273
100.000000, 12, -0.251611, 0.000000, -0.040521, -0.054327, -0.107443, -0.009273
100.000000, 13, -0.251611, 0.000000, -0.032901, -0.058063, -0.114334, -0.009273
100.000000, 14, -0.251611, 0.000000, -0.026783, -0.060419, -0.120131, -0.009273
100.000000, 15, -0.251611, 0.000000, -0.021872, -0.061930, -0.124940, -0.009273
100.000000, 16, -0.251611, 0.000000, -0.017929, -0.063136, -0.128902, -0.009273
100.000000, 17, -0.251611, 0.000000, -0.014763, -0.064331, -0.132158, -0.009273
100.000000, 18, -0.251611, 0.000000, -0.012222, -0.065550, -0.134830, -0.009273
100.000000, 19, -0.251611, 0.000000, -0.010181, -0.066746, -0.137015, -0.009273
100.000000, 0, -0.248524, 0.000000, -0.540995, -0.001343, -0.001295, -0.008920
100.000000, 1, -0.248524, 0.000000, -0.434619, -0.002429, -0.004495, -0.008920
100.000000, 2, -0.248524, 0.000000, -0.349218, -0.004595, -0.009291, -0.008920
100.000000, 3, -0.248524, 0.000000, -0.280658, -0.007814, -0.016135, -0.008920
100.000000, 4, -0.248524, 0.000000, -0.225616, -0.011964, -0.024979, -0.008920
100.000000, 5, -0.248524, 0.000000, -0.181427, -0.016824, -0.035433, -0.008920
100.000000, 6, -0.248524, 0.000000, -0.145952, -0.021705, -0.046867, -0.008920
100.000000, 7, -0.248524, 0.000000, -0.117472, -0.026224, -0.058641, -0.008920
100.000000, 8, -0.248524, 0.000000, -0.094608, -0.030641, -0.070229, -0.008920
100.000000, 9, -0.248524, 0.000000, -0.076252, -0.035554, -0.081250, -0.008920
100.000000, 10, -0.248524, 0.000000, -0.061515, -0.041130, -0.091451, -0.008920
100.000000, 11, -0.248524, 0.000000, -0.049685, -0.046845, -0.100646, -0.008920
100.000000, 12, -0.248524, 0.000000, -0.040187, -0.051809, -0.108740, -0.008920
100.000000, 13, -0.248524, 0.000000, -0.032562, -0.055376, -0.115697, -0.008920
100.000000, 14, -0.248524, 0.000000, -0.026440, -0.057587, -0.121546, -0.008920
100.000000, 15, -0.248524, 0.000000, -0.021526, -0.058978, -0.126392, -0.008920
100.000000, 16, -0.248524, 0.000000, -0.017581, -0.060088, -0.130384, -0.008920
100.000000, 17, -0.248524, 0.000000, -0.014413, -0.061203, -0.133665, -0.008920
100.000000, 18, -0.248524, 0.000000, -0.011870, -0.062353, -0.136357, -0.008920
100.000000, 19, -0.248524, 0.000000, -0.009829, -0.063491, -0.138560, -0.008920
100.000000, 0, -0.245437, 0.000000, -0.540959, -0.001275, -0.001311, -0.008561
100.000000, 1, -0.245437, 0.000000, -0.434518, -0.002305, -0.004552, -0.008561
100.000000, 2, -0.245437, 0.000000, -0.349066, -0.004362, -0.009409, -0.008561
100.000000, 3, -0.245437, 0.000000, -0.280464, -0.007420, -0.016344, -0.008561
100.000000, 4, -0.245437, 0.000000, -0.225388, -0.011361, -0.025303, -0.008561
100.000000, 5, -0.245437, 0.000000, -0.181173, -0.015974, -0.035888, -0.008561
100.000000, 6, -0.245437, 0.000000, -0.145676, -0.020590, -0.047462, -0.008561
100.000000, 7, -0.245437, 0.000000, -0.117179, -0.024829, -0.059372, -0.008561
100.000000, 8, -0.245437, 0.000000, -0.094301, -0.028975, -0.071085, -0.008561
100.000000, 9, -0.245437, 0.000000, -0.075934, -0.033628, -0.082219, -0.008561
100.000000, 10, -0.245437, 0.000000, -0.061188, -0.038977, -0.092523, -0.008561
100.000000, 11, -0.245437, 0.000000, -0.049351, -0.044489, -0.101806, -0.008561
100.000000, 12, -0.245437, 0.000000, -0.039847, -0.049263, -0.109977, -0.008561
100.000000, 13, -0.245437, 0.000000, -0.032217, -0.052659, -0.116999, -0.008561
100.000000, 14, -0.245437, 0.000000, -0.026092, -0.054725, -0.122896, -0.008561
100.000000, 15, -0.245437, 0.000000, -0.021175, -0.055998, -0.127778, -0.008561
100.000000, 16, -0.245437, 0.000000, -0.017227, -0.057011, -0.131796, -0.008561
100.000000, 17, -0.245437, 0.000000, -0.014057, -0.058047, -0.135099, -0.008561
100.000000, 18, -0.245437, 0.000000, -0.011513, -0.059130, -0.137809, -0.008561
100.000000, 19, -0.245437, 0.000000, -0.009470, -0.060209, -0.140028, -0.008561
100.000000, 0, -0.242350, 0.000000, -0.540922, -0.001206, -0.001327, -0.008196
100.000000, 1, -0.242350, 0.000000, -0.434416, -0.002179, -0.004605, -0.008196
100.000000, 2, -0.242350, 0.000000, -0.348911, -0.004126, -0.009522, -0.008196
100.000000, 3, -0.242350, 0.000000, -0.280267, -0.007020, -0.016543, -0.008196
100.000000, 4, -0.242350, 0.000000, -0.225157, -0.010749, -0.025613, -0.008196
100.000000, 5, -0.242350, 0.000000, -0.180915, -0.015113, -0.036325, -0.008196
100.000000, 6, -0.242350, 0.000000, -0.145396, -0.019461, -0.048032, -0.008196
100.000000, 7, -0.242350, 0.000000, -0.116881, -0.023417, -0.060072, -0.008196
100.000000, 8, -0.242350, 0.000000, -0.093989, -0.027291, -0.071906, -0.008196
100.000000, 9, -0.242350, 0.000000, -0.075610, -0.031681, -0.083147, -0.008196
100.000000, 10, -0.242350, 0.000000, -0.060856, -0.036801, -0.093544, -0.008196
100.000000, 11, -0.242350, 0.000000, -0.049011, -0.042109, -0.102912, -0.008196
100.000000, 12, -0.242350, 0.000000, -0.039501, -0.046689, -0.111156, -0.008196
100.000000, 13, -0.242350, 0.000000, -0.031867, -0.049913, -0.118239, -0.008196
100.000000, 14, -0.242350, 0.000000, -0.025738, -0.051837, -0.124182, -0.008196
100.000000, 15, -0.242350, 0.000000, -0.020818, -0.052991, -0.129095, -0.008196
100.000000, 16, -0.242350, 0.000000, -0.016867, -0.053908, -0.133137, -0.008196
100.000000, 17, -0.242350, 0.000000, -0.013696, -0.054865, -0.136459, -0.008196
100.000000, 18, -0.242350, 0.000000, -0.011150, -0.055881, -0.139186, -0.008196
100.000000, 19, -0.242350, 0.000000, -0.009106, -0.056902, -0.141418, -0.008196
100.000000, 0, -0.239262, 0.000000, -0.540885, -0.001136, -0.001341, -0.007826
100.000000, 1, -0.239262, 0.000000, -0.434313, -0.002051, -0.004656, -0.007826
100.000000, 2, -0.239262, 0.000000, -0.348754, -0.003887, -0.009630, -0.007826
100.000000, 3, -0.239262, 0.000000, -0.280067, -0.006616, -0.016734, -0.007826
100.000000, 4, -0.239262, 0.000000, -0.224923, -0.010130, -0.025909, -0.007826
100.000000, 5, -0.239262, 0.000000, -0.180653, -0.014241, -0.036743, -0.007826
100.000000, 6, -0.239262, 0.000000, -0.145112, -0.018318, -0.048577, -0.007826
100.000000, 7, -0.239262, 0.000000, -0.116579, -0.021988, -0.060741, -0.007826
100.000000, 8, -0.239262, 0.000000, -0.093672, -0.025587, -0.072690, -0.007826
100.000000, 9, -0.239262, 0.000000, -0.075282, -0.029713, -0.084031, -0.007826
100.000000, 10, -0.239262, 0.000000, -0.060519, -0.034603, -0.094517, -0.007826
100.000000, 11, -0.239262, 0.000000, -0.048666, -0.039704, -0.103964, -0.007826
100.000000, 12, -0.239262, 0.000000, -0.039151, -0.044088, -0.112278, -0.007826
100.000000, 13, -0.239262, 0.000000, -0.031512, -0.047140, -0.119416, -0.007826
100.000000, 14, -0.239262, 0.000000, -0.025379, -0.048922, -0.125401, -0.007826
100.000000, 15, -0.239262, 0.000000, -0.020455, -0.049960, -0.130344, -0.007826
100.000000, 16, -0.239262, 0.000000, -0.016502, -0.050779, -0.134407, -0.007826
100.000000, 17, -0.239262, 0.000000, -0.013329, -0.051658, -0.137746, -0.007826
100.000000, 18, -0.239262, 0.000000, -0.010782, -0.052608, -0.140487, -0.007826
100.000000, 19, -0.239262, 0.000000, -0.008736, -0.053572, -0.142732, -0.007826
100.000000, 0, -0.236175, 0.000000, -0.540848, -0.001066, -0.001355, -0.007450
100.000000, 1, -0.236175, 0.000000, -0.434208, -0.001923, -0.004705, -0.007450
100.000000, 2, -0.236175, 0.000000, -0.348595, -0.003645, -0.009733, -0.007450
100.000000, 3, -0.236175, 0.000000, -0.279863, -0.006206, -0.016915, -0.007450
100.000000, 4, -0.236175, 0.000000, -0.224685, -0.009504, -0.026191, -0.007450
100.000000, 5, -0.236175, 0.000000, -0.180386, -0.013358, -0.037142, -0.007450
100.000000, 6, -0.236175, 0.000000, -0.144823, -0.017162, -0.049097, -0.007450
100.000000, 7, -0.236175, 0.000000, -0.116272, -0.020542, -0.061378, -0.007450
100.000000, 8, -0.236175, 0.000000, -0.093351, -0.023864, -0.073436, -0.007450
100.000000, 9, -0.236175, 0.000000, -0.074949, -0.027727, -0.084872, -0.007450
100.000000, 10, -0.236175, 0.000000, -0.060176, -0.032383, -0.095439, -0.007450
100.000000, 11, -0.236175, 0.000000, -0.048316, -0.037275, -0.104963, -0.007450
100.000000, 12, -0.236175, 0.000000, -0.038795, -0.041463, -0.113342, -0.007450
100.000000, 13, -0.236175, 0.000000, -0.031151, -0.044343, -0.120531, -0.007450
100.000000, 14, -0.236175, 0.000000, -0.025014, -0.045983, -0.126553, -0.007450
100.000000, 15, -0.236175, 0.000000, -0.020087, -0.046904, -0.131523, -0.007450
100.000000, 16, -0.236175, 0.000000, -0.016132, -0.047627, -0.135606, -0.007450
100.000000, 17, -0.236175, 0.000000, -0.012957, -0.048427, -0.138960, -0.007450
100.000000, 18, -0.236175, 0.000000, -0.010408, -0.049313, -0.141714, -0.007450
100.000000, 19, -0.236175, 0.000000, -0.008361, -0.050220, -0.143970, -0.007450
100.000000, 0, -0.233088, 0.000000, -0.540810, -0.000995, -0.001367, -0.007068
100.000000, 1, -0.233088, 0.000000, -0.434101, -0.001793, -0.004750, -0.007068
100.000000, 2, -0.233088, 0.000000, -0.348433, -0.003401, -0.009830, -0.007068
100.000000, 3, -0.233088, 0.000000, -0.279657, -0.005793, -0.017088, -0.007068
100.000000, 4, -0.233088, 0.000000, -0.224443, -0.008871, -0.026460, -0.007068
100.000000, 5, -0.233088, 0.000000, -0.180116, -0.012465, -0.037520, -0.007068
100.000000, 6, -0.233088, 0.000000, -0.144530, -0.015993, -0.049591, -0.007068
100.000000, 7, -0.233088, 0.000000, -0.115961, -0.019081, -0.061984, -0.007068
100.000000, 8, -0.233088, 0.000000, -0.093025, -0.022124, -0.074143, -0.007068
100.000000, 9, -0.233088, 0.000000, -0.074611, -0.025721, -0.085667, -0.007068
100.000000, 10, -0.233088, 0.000000, -0.059829, -0.030142, -0.096313, -0.007068
100.000000, 11, -0.233088, 0.000000, -0.047961, -0.034823, -0.105910, -0.007068
100.000000, 12, -0.233088, 0.000000, -0.038434, -0.038814, -0.114349, -0.007068
100.000000, 13, -0.233088, 0.000000, -0.030785, -0.041523, -0.121583, -0.007068
100.000000, 14, -0.233088, 0.000000, -0.024644, -0.043021, -0.127638, -0.007068
100.000000, 15, -0.233088, 0.000000, -0.019714, -0.043827, -0.132632, -0.007068
100.000000, 16, -0.233088, 0.000000, -0.015756, -0.044452, -0.136732, -0.007068
100.000000, 17, -0.233088, 0.000000, -0.012579, -0.045174, -0.140101, -0.007068
100.000000, 18, -0.233088, 0.000000, -0.010028, -0.045996, -0.142866, -0.007068
100.000000, 19, -0.233088, 0.000000, -0.007980, -0.046846, -0.145132, -0.007068
100.000000, 0, -0.230001, 0.000000, -0.540771, -0.000923, -0.001379, -0.006682
100.000000, 1, -0.230001, 0.000000, -0.433993, -0.001662, -0.004793, -0.006682
100.000000, 2, -0.230001, 0.000000, -0.348269, -0.003154, -0.009922, -0.006682
100.000000, 3, -0.230001, 0.000000, -0.279449, -0.005374, -0.017251, -0.006682
100.000000, 4, -0.230001, 0.000000, -0.224199, -0.008230, -0.026714, -0.006682
100.000000, 5, -0.230001, 0.000000, -0.179843, -0.011563, -0.037879, -0.006682
100.000000, 6, -0.230001, 0.000000, -0.144233, -0.014812, -0.050059, -0.006682
100.000000, 7, -0.230001, 0.000000, -0.115645, -0.017605, -0.062557, -0.006682
100.000000, 8, -0.230001, 0.000000, -0.092694, -0.020367, -0.074811, -0.006682
100.000000, 9, -0.230001, 0.000000, -0.074269, -0.023699, -0.086417, -0.006682
100.000000, 10, -0.230001, 0.000000, -0.059477, -0.027881, -0.097139, -0.006682
100.000000, 11, -0.230001, 0.000000, -0.047601, -0.032350, -0.106804, -0.006682
100.000000, 12, -0.230001, 0.000000, -0.038068, -0.036146, -0.115298, -0.006682
100.000000, 13, -0.230001, 0.000000, -0.030414, -0.038684, -0.122570, -0.006682
100.000000, 14, -0.230001, 0.000000, -0.024269, -0.040039, -0.128654, -0.006682
100.000000, 15, -0.230001, 0.000000, -0.019336, -0.040728, -0.133671, -0.006682
100.000000, 16, -0.230001, 0.000000, -0.015376, -0.041255, -0.137788, -0.006682
100.000000, 17, -0.230001, 0.000000, -0.012196, -0.041898, -0.141168, -0.006682
100.000000, 18, -0.230001, 0.000000, -0.009644, -0.042657, -0.143944, -0.006682
100.000000, 19, -0.230001, 0.000000, -0.007594, -0.043451, -0.146218, -0.006682
100.000000, 0, -0.226913, 0.000000, -0.540732, -0.000851, -0.001391, -0.006290
100.000000, 1, -0.226913, 0.000000, -0.433883, -0.001529, -0.004834, -0.006290
100.000000, 2, -0.226913, 0.000000, -0.348103, -0.002905, -0.010008, -0.006290
100.000000, 3, -0.226913, 0.000000, -0.279237, -0.004951, -0.017404, -0.006290
100.000000, 4, -0.226913, 0.000000, -0.223950, -0.007583, -0.026955, -0.006290
100.000000, 5, -0.226913, 0.000000, -0.179565, -0.010652, -0.038218, -0.006290
100.000000, 6, -0.226913, 0.000000, -0.143932, -0.013619, -0.050502, -0.006290
100.000000, 7, -0.226913, 0.000000, -0.115325, -0.016116, -0.063098, -0.006290
100.000000, 8, -0.226913, 0.000000, -0.092359, -0.018595, -0.075439, -0.006290
100.000000, 9, -0.226913, 0.000000, -0.073922, -0.021659, -0.087124, -0.006290
100.000000, 10, -0.226913, 0.000000, -0.059120, -0.025600, -0.097915, -0.006290
100.000000, 11, -0.226913, 0.000000, -0.047237, -0.029855, -0.107644, -0.006290
100.000000, 12, -0.226913, 0.000000, -0.037697, -0.033459, -0.116186, -0.006290
100.000000, 13, -0.226913, 0.000000, -0.030038, -0.035827, -0.123491, -0.006290
100.000000, 14, -0.226913, 0.000000, -0.023889, -0.037038, -0.129603, -0.006290
100.000000, 15, -0.226913, 0.000000, -0.018953, -0.037608, -0.134640, -0.006290
100.000000, 16, -0.226913, 0.000000, -0.014990, -0.038037, -0.138772, -0.006290
100.000000, 17, -0.226913, 0.000000, -0.011808, -0.038600, -0.142164, -0.006290
100.000000, 18, -0.226913, 0.000000, -0.009254, -0.039297, -0.144948, -0.006290
100.000000, 19, -0.226913, 0.000000, -0.007203, -0.040036, -0.147229, -0.006290
100.000000, 0, -0.223826, 0.000000, -0.540693, -0.000778, -0.001401, -0.005894
100.000000, 1, -0.223826, 0.000000, -0.433772, -0.001396, -0.004871, -0.005894
100.000000, 2, -0.223826, 0.000000, -0.347935, -0.002653, -0.010089, -0.005894
100.000000, 3, -0.223826, 0.000000, -0.279023, -0.004525, -0.017548, -0.005894
100.000000, 4, -0.223826, 0.000000, -0.223699, -0.006930, -0.027180, -0.005894
100.000000, 5, -0.223826, 0.000000, -0.179284, -0.009732, -0.038536, -0.005894
100.000000, 6, -0.223826, 0.000000, -0.143628, -0.012414, -0.050918, -0.005894
100.000000, 7, -0.223826, 0.000000, -0.115002, -0.014614, -0.063605, -0.005894
100.000000, 8, -0.223826, 0.000000, -0.092020, -0.016807, -0.076028, -0.005894
100.000000, 9, -0.223826, 0.000000, -0.073570, -0.019603, -0.087786, -0.005894
100.000000, 10, -0.223826, 0.000000, -0.058759, -0.023301, -0.098643, -0.005894
100.000000, 11, -0.223826, 0.000000, -0.046867, -0.027342, -0.108427, -0.005894
100.000000, 12, -0.223826, 0.000000, -0.037321, -0.030756, -0.117011, -0.005894
100.000000, 13, -0.223826, 0.000000, -0.029657, -0.032953, -0.124348, -0.005894
100.000000, 14, -0.223826, 0.000000, -0.023504, -0.034017, -0.130484, -0.005894
100.000000, 15, -0.223826, 0.000000, -0.018564, -0.034469, -0.135541, -0.005894
100.000000, 16, -0.223826, 0.000000, -0.014599, -0.034800, -0.139686, -0.005894
100.000000, 17, -0.223826, 0.000000, -0.011415, -0.035282, -0.143087, -0.005894
100.000000, 18, -0.223826, 0.000000, -0.008859, -0.035917, -0.145878, -0.005894
100.000000, 19, -0.223826, 0.000000, -0.006807, -0.036602, -0.148165, -0.005894
100.000000, 0, -0.220739, 0.000000, -0.540652, -0.000705, -0.001410, -0.005492
100.000000, 1, -0.220739, 0.000000, -0.433660, -0.001261, -0.004906, -0.005492
100.000000, 2, -0.220739, 0.000000, -0.347764, -0.002400, -0.010164, -0.005492
100.000000, 3, -0.220739, 0.000000, -0.278806, -0.004094, -0.017682, -0.005492
100.000000, 4, -0.220739, 0.000000, -0.223445, -0.006271, -0.027391, -0.005492
100.000000, 5, -0.220739, 0.000000, -0.179000, -0.008803, -0.038834, -0.005492
100.000000, 6, -0.220739, 0.000000, -0.143319, -0.011198, -0.051307, -0.005492
100.000000, 7, -0.220739, 0.000000, -0.114674, -0.013099, -0.064079, -0.005492
100.000000, 8, -0.220739, 0.000000, -0.091677, -0.015004, -0.076578, -0.005492
100.000000, 9, -0.220739, 0.000000, -0.073215, -0.017531, -0.088405, -0.005492
100.000000, 10, -0.220739, 0.000000, -0.058393, -0.020984, -0.099319, -0.005492
100.000000, 11, -0.220739, 0.000000, -0.046494, -0.024813, -0.109153, -0.005492
100.000000, 12, -0.220739, 0.000000, -0.036941, -0.028038, -0.117774, -0.005492
100.000000, 13, -0.220739, 0.000000, -0.029271, -0.030062, -0.125139, -0.005492
100.000000, 14, -0.220739, 0.000000, -0.023114, -0.030979, -0.131298, -0.005492
100.000000, 15, -0.220739, 0.000000, -0.018171, -0.031311, -0.136373, -0.005492
100.000000, 16, -0.220739, 0.000000, -0.014203, -0.031543, -0.140531, -0.005492
100.000000, 17, -0.220739, 0.000000, -0.011017, -0.031946, -0.143939, -0.005492
100.000000, 18, -0.220739, 0.000000, -0.008460, -0.032518, -0.146735, -0.005492
100.000000, 19, -0.220739, 0.000000, -0.006406, -0.033150, -0.149026, -0.005492
100.000000, 0, -0.217652, 0.000000, -0.540612, -0.000631, -0.001419, -0.005086
100.000000, 1, -0.217652, 0.000000, -0.433546, -0.001126, -0.004938, -0.005086
100.000000, 2, -0.217652, 0.000000, -0.347592, -0.002144, -0.010233, -0.005086
100.000000, 3, -0.217652, 0.000000, -0.278586, -0.003660, -0.017807, -0.005086
100.000000, 4, -0.217652, 0.000000, -0.223188, -0.005606, -0.027587, -0.005086
100.000000, 5, -0.217652, 0.000000, -0.178712, -0.007867, -0.039111, -0.005086
100.000000, 6, -0.217652, 0.000000, -0.143007, -0.009971, -0.051669, -0.005086
100.000000, 7, -0.217652, 0.000000, -0.114342, -0.011573, -0.064520, -0.005086
100.000000, 8, -0.217652, 0.000000, -0.091330, -0.013187, -0.077088, -0.005086
100.000000, 9, -0.217652, 0.000000, -0.072855, -0.015445, -0.088978, -0.005086
100.000000, 10, -0.217652, 0.000000, -0.058023, -0.018653, -0.099944, -0.005086
100.000000, 11, -0.217652, 0.000000, -0.046115, -0.022268, -0.109819, -0.005086
100.000000, 12, -0.217652, 0.000000, -0.036556, -0.025305, -0.118475, -0.005086
100.000000, 13, -0.217652, 0.000000, -0.028881, -0.027156, -0.125867, -0.005086
100.000000, 14, -0.217652, 0.000000, -0.022720, -0.027924, -0.132047, -0.005086
100.000000, 15, -0.217652, 0.000000, -0.017774, -0.028136, -0.137138, -0.005086
100.000000, 16, -0.217652, 0.000000, -0.013803, -0.028271, -0.141305, -0.005086
100.000000, 17, -0.217652, 0.000000, -0.010615, -0.028592, -0.144719, -0.005086
100.000000, 18, -0.217652, 0.000000, -0.008056, -0.029102, -0.147519, -0.005086
100.000000, 19, -0.217652, 0.000000, -0.006001, -0.029681, -0.149812, -0.005086
100.000000, 0, -0.214564, 0.000000, -0.540571, -0.000557, -0.001427, -0.004675
100.000000, 1, -0.214564, 0.000000, -0.433431, -0.000989, -0.004967, -0.004675
100.000000, 2, -0.214564, 0.000000, -0.347418, -0.001887, -0.010297, -0.004675
100.000000, 3, -0.214564, 0.000000, -0.278364, -0.003223, -0.017921, -0.004675
100.000000, 4, -0.214564, 0.000000, -0.222927, -0.004936, -0.027769, -0.004675
100.000000, 5, -0.214564, 0.000000, -0.178421, -0.006924, -0.039368, -0.004675
100.000000, 6, -0.214564, 0.000000, -0.142691, -0.008735, -0.052004, -0.004675
100.000000, 7, -0.214564, 0.000000, -0.114007, -0.010036, -0.064927, -0.004675
100.000000, 8, -0.214564, 0.000000, -0.090978, -0.011357, -0.077558, -0.004675
100.000000, 9, -0.214564, 0.000000, -0.072491, -0.013344, -0.089506, -0.004675
100.000000, 10, -0.214564, 0.000000, -0.057648, -0.016308, -0.100517, -0.004675
100.000000, 11, -0.214564, 0.000000, -0.045733, -0.019710, -0.110427, -0.004675
100.000000, 12, -0.214564, 0.000000, -0.036167, -0.022557, -0.119114, -0.004675
100.000000, 13, -0.214564, 0.000000, -0.028487, -0.024235, -0.126532, -0.004675
100.000000, 14, -0.214564, 0.000000, -0.022321, -0.024852, -0.132731, -0.004675
100.000000, 15, -0.214564, 0.000000, -0.017372, -0.024945, -0.137835, -0.004675
100.000000, 16, -0.214564, 0.000000, -0.013398, -0.024983, -0.142011, -0.004675
100.000000, 17, -0.214564, 0.000000, -0.010208, -0.025223, -0.145428, -0.004675
100.000000, 18, -0.214564, 0.000000, -0.007647, -0.025670, -0.148230, -0.004675
100.000000, 19, -0.214564, 0.000000, -0.005591, -0.026198, -0.150523, -0.004675
100.000000, 0, -0.211477, 0.000000, -0.540529, -0.000482, -0.001434, -0.004260
100.000000, 1, -0.211477, 0.000000, -0.433315, -0.000852, -0.004993, -0.004260
100.000000, 2, -0.211477, 0.000000, -0.347241, -0.001628, -0.010354, -0.004260
100.000000, 3, -0.211477, 0.000000, -0.278140, -0.002782, -0.018026, -0.004260
100.000000, 4, -0.211477, 0.000000, -0.222664, -0.004261, -0.027935, -0.004260
100.000000, 5, -0.211477, 0.000000, -0.178127, -0.005974, -0.039603, -0.004260
100.000000, 6, -0.211477, 0.000000, -0.142372, -0.007489, -0.052312, -0.004260
100.000000, 7, -0.211477, 0.000000, -0.113668, -0.008489, -0.065300, -0.004260
100.000000, 8, -0.211477, 0.000000, -0.090623, -0.009514, -0.077987, -0.004260
100.000000, 9, -0.211477, 0.000000, -0.072123, -0.011230, -0.089986, -0.004260
100.000000, 10, -0.211477, 0.000000, -0.057270, -0.013951, -0.101036, -0.004260
100.000000, 11, -0.211477, 0.000000, -0.045346, -0.017139, -0.110978, -0.004260
100.000000, 12, -0.211477, 0.000000, -0.035773, -0.019796, -0.119693, -0.004260
100.000000, 13, -0.211477, 0.000000, -0.028088, -0.021299, -0.127134, -0.004260
100.000000, 14, -0.211477, 0.000000, -0.021918, -0.021767, -0.133349, -0.004260
100.000000, 15, -0.211477, 0.000000, -0.016965, -0.021739, -0.138465, -0.004260
100.000000, 16, -0.211477, 0.000000, -0.012989, -0.021681, -0.142647, -0.004260
100.000000, 17, -0.211477, 0.000000, -0.009796, -0.021841, -0.146066, -0.004260
100.000000, 18, -0.211477, 0.000000, -0.007233, -0.022225, -0.148867, -0.004260
100.000000, 19, -0.211477, 0.000000, -0.005176, -0.022702, -0.151160, -0.004260
100.000000, 0, -0.208390, 0.000000, -0.540488, -0.000408, -0.001440, -0.003840
100.000000, 1, -0.208390, 0.000000, -0.433198, -0.000715, -0.005016, -0.003840
100.000000, 2, -0.208390, 0.000000, -0.347063, -0.001367, -0.010406, -0.003840
100.000000, 3, -0.208390, 0.000000, -0.277913, -0.002339, -0.018120, -0.003840
100.000000, 4, -0.208390, 0.000000, -0.222398, -0.003581, -0.028085, -0.003840
100.000000, 5, -0.208390, 0.000000, -0.177830, -0.005017, -0.039816, -0.003840
100.000000, 6, -0.208390, 0.000000, -0.142050, -0.006235, -0.052591, -0.003840
100.000000, 7, -0.208390, 0.000000, -0.113325, -0.006933, -0.065638, -0.003840
100.000000, 8, -0.208390, 0.000000, -0.090264, -0.007659, -0.078377, -0.003840
100.000000, 9, -0.208390, 0.000000, -0.071751, -0.009105, -0.090420, -0.003840
100.000000, 10, -0.208390, 0.000000, -0.056888, -0.011583, -0.101503, -0.003840
100.000000, 11, -0.208390, 0.000000, -0.044955, -0.014555, -0.111472, -0.003840
100.000000, 12, -0.208390, 0.000000, -0.035376, -0.017020, -0.120212, -0.003840
100.000000, 13, -0.208390, 0.000000, -0.027685, -0.018350, -0.127674, -0.003840
100.000000, 14, -0.208390, 0.000000, -0.021511, -0.018668, -0.133902, -0.003840
100.000000, 15, -0.208390, 0.000000, -0.016555, -0.018520, -0.139025, -0.003840
100.000000, 16, -0.208390, 0.000000, -0.012575, -0.018368, -0.143212, -0.003840
100.000000, 17, -0.208390, 0.000000, -0.009381, -0.018447, -0.146632, -0.003840
100.000000, 18, -0.208390, 0.000000, -0.006816, -0.018768, -0.149432, -0.003840
100.000000, 19, -0.208390, 0.000000, -0.004757, -0.019194, -0.151723, -0.003840
100.000000, 0, -0.205303, 0.000000, -0.540445, -0.000333, -0.001445, -0.003416
100.000000, 1, -0.205303, 0.000000, -0.433079, -0.000576, -0.005037, -0.003416
100.000000, 2, -0.205303, 0.000000, -0.346883, -0.001105, -0.010452, -0.003416
100.000000, 3, -0.205303, 0.000000, -0.277684, -0.001893, -0.018205, -0.003416
100.000000, 4, -0.205303, 0.000000, -0.222130, -0.002897, -0.028220, -0.003416
100.000000, 5, -0.205303, 0.000000, -0.177530, -0.004055, -0.040009, -0.003416
100.000000, 6, -0.205303, 0.000000, -0.141725, -0.004972, -0.052843, -0.003416
100.000000, 7, -0.205303, 0.000000, -0.112979, -0.005368, -0.065943, -0.003416
100.000000, 8, -0.205303, 0.000000, -0.089902, -0.005793, -0.078725, -0.003416
100.000000, 9, -0.205303, 0.000000, -0.071375, -0.006969, -0.090805, -0.003416
100.000000, 10, -0.205303, 0.000000, -0.056502, -0.009206, -0.101916, -0.003416
100.000000, 11, -0.205303, 0.000000, -0.044561, -0.011961, -0.111909, -0.003416
100.000000, 12, -0.205303, 0.000000, -0.034975, -0.014232, -0.120672, -0.003416
100.000000, 13, -0.205303, 0.000000, -0.027279, -0.015389, -0.128150, -0.003416
100.000000, 14, -0.205303, 0.000000, -0.021100, -0.015558, -0.134388, -0.003416
100.000000, 15, -0.205303, 0.000000, -0.016140, -0.015290, -0.139517, -0.003416
100.000000, 16, -0.205303, 0.000000, -0.012158, -0.015044, -0.143706, -0.003416
100.000000, 17, -0.205303, 0.000000, -0.008961, -0.015043, -0.147125, -0.003416
100.000000, 18, -0.205303, 0.000000, -0.006394, -0.015300, -0.149923, -0.003416
100.000000, 19, -0.205303, 0.000000, -0.004334, -0.015675, -0.152211, -0.003416
100.000000, 0, -0.202215, 0.000000, -0.540403, -0.000258, -0.001450, -0.002989
100.000000, 1, -0.202215, 0.000000, -0.432959, -0.000437, -0.005054, -0.002989
100.000000, 2, -0.202215, 0.000000, -0.346702, -0.000842, -0.010492, -0.002989
100.000000, 3, -0.202215, 0.000000, -0.277453, -0.001444, -0.018279, -0.002989
100.000000, 4, -0.202215, 0.000000, -0.221859, -0.002208, -0.028340, -0.002989
100.000000, 5, -0.202215, 0.000000, -0.177227, -0.003086, -0.040180, -0.002989
100.000000, 6, -0.202215, 0.000000, -0.141396, -0.003701, -0.053066, -0.002989
100.000000, 7, -0.202215, 0.000000, -0.112630, -0.003795, -0.066212, -0.002989
100.000000, 8, -0.202215, 0.000000, -0.089536, -0.003918, -0.079032, -0.002989
100.000000, 9, -0.202215, 0.000000, -0.070996, -0.004823, -0.091143, -0.002989
100.000000, 10, -0.202215, 0.000000, -0.056112, -0.006819, -0.102277, -0.002989
100.000000, 11, -0.202215, 0.000000, -0.044163, -0.009356, -0.112290, -0.002989
100.000000, 12, -0.202215, 0.000000, -0.034569, -0.011433, -0.121070, -0.002989
100.000000, 13, -0.202215, 0.000000, -0.026868, -0.012418, -0.128561, -0.002989
100.000000, 14, -0.202215, 0.000000, -0.020685, -0.012439, -0.134805, -0.002989
100.000000, 15, -0.202215, 0.000000, -0.015721, -0.012050, -0.139937, -0.002989
100.000000, 16, -0.202215, 0.000000, -0.011736, -0.011711, -0.144128, -0.002989
100.000000, 17, -0.202215, 0.000000, -0.008537, -0.011631, -0.147546, -0.002989
100.000000, 18, -0.202215, 0.000000, -0.005969, -0.011823, -0.150340, -0.002989
100.000000, 19, -0.202215, 0.000000, -0.003907, -0.012146, -0.152624, -0.002989
100.000000, 0, -0.199128, 0.000000, -0.540359, -0.000182, -0.001453, -0.002557
100.000000, 1, -0.199128, 0.000000, -0.432839, -0.000298, -0.005068, -0.002557
100.000000, 2, -0.199128, 0.000000, -0.346519, -0.000578, -0.010526, -0.002557
100.000000, 3, -0.199128, 0.000000, -0.277220, -0.000994, -0.018343, -0.002557
100.000000, 4, -0.199128, 0.000000, -0.221586, -0.001517, -0.028444, -0.002557
100.000000, 5, -0.199128, 0.000000, -0.176922, -0.002113, -0.040329, -0.002557
100.000000, 6, -0.199128, 0.000000, -0.141065, -0.002424, -0.053261, -0.002557
100.000000, 7, -0.199128, 0.000000, -0.112278, -0.002214, -0.066447, -0.002557
100.000000, 8, -0.199128, 0.000000, -0.089167, -0.002034, -0.079298, -0.002557
100.000000, 9, -0.199128, 0.000000, -0.070614, -0.002669, -0.091432, -0.002557
100.000000, 10, -0.199128, 0.000000, -0.055719, -0.004423, -0.102585, -0.002557
100.000000, 11, -0.199128, 0.000000, -0.043761, -0.006741, -0.112614, -0.002557
100.000000, 12, -0.199128, 0.000000, -0.034161, -0.008624, -0.121407, -0.002557
100.000000, 13, -0.199128, 0.000000, -0.026454, -0.009437, -0.128906, -0.002557
100.000000, 14, -0.199128, 0.000000, -0.020266, -0.009311, -0.135154, -0.002557
100.000000, 15, -0.199128, 0.000000, -0.015299, -0.008801, -0.140286, -0.002557
100.000000, 16, -0.199128, 0.000000, -0.011311, -0.008370, -0.144476, -0.002557
100.000000, 17, -0.199128, 0.000000, -0.008110, -0.008211, -0.147892, -0.002557
100.000000, 18, -0.199128, 0.000000, -0.005539, -0.008337, -0.150682, -0.002557
100.000000, 19, -0.199128, 0.000000, -0.003476, -0.008609, -0.152961, -0.002557
100.000000, 0, -0.196041, 0.000000, -0.540316, -0.000107, -0.001456, -0.002122
100.000000, 1, -0.196041, 0.000000, -0.432717, -0.000158, -0.005080, -0.002122
100.000000, 2, -0.196041, 0.000000, -0.346334, -0.000313, -0.010553, -0.002122
100.000000, 3, -0.196041, 0.000000, -0.276985, -0.000541, -0.018396, -0.002122
100.000000, 4, -0.196041, 0.000000, -0.221310, -0.000822, -0.028532, -0.002122
100.000000, 5, -0.196041, 0.000000, -0.176614, -0.001135, -0.040456, -0.002122
100.000000, 6, -0.196041, 0.000000, -0.140730, -0.001140, -0.053426, -0.002122
100.000000, 7, -0.196041, 0.000000, -0.111923, -0.000625, -0.066647, -0.002122
100.000000, 8, -0.196041, 0.000000, -0.088795, -0.000142, -0.079523, -0.002122
100.000000, 9, -0.196041, 0.000000, -0.070228, -0.000507, -0.091673, -0.002122
100.000000, 10, -0.196041, 0.000000, -0.055323, -0.002020, -0.102840, -0.002122
100.000000, 11, -0.196041, 0.000000, -0.043356, -0.004118, -0.112880, -0.002122
100.000000, 12, -0.196041, 0.000000, -0.033749, -0.005807, -0.121682, -0.002122
100.000000, 13, -0.196041, 0.000000, -0.026036, -0.006449, -0.129185, -0.002122
100.000000, 14, -0.196041, 0.000000, -0.019844, -0.006176, -0.135433, -0.002122
100.000000, 15, -0.196041, 0.000000, -0.014873, -0.005545, -0.140563, -0.002122
100.000000, 16, -0.196041, 0.000000, -0.010883, -0.005022, -0.144751, -0.002122
100.000000, 17, -0.196041, 0.000000, -0.007679, -0.004785, -0.148163, -0.002122
100.000000, 18, -0.196041, 0.000000, -0.005107, -0.004846, -0.150948, -0.002122
100.000000, 19, -0.196041, 0.000000, -0.003042, -0.005065, -0.153221, -0.002122
100.000000, 0, -0.192954, 0.000000, -0.540272, -0.000031, -0.001458, -0.001684
100.000000, 1, -0.192954, 0.000000, -0.432594, -0.000018, -0.005088, -0.001684
100.000000, 2, -0.192954, 0.000000, -0.346148, -0.000047, -0.010575, -0.001684
100.000000, 3, -0.192954, 0.000000, -0.276748, -0.000086, -0.018439, -0.001684
100.000000, 4, -0.192954, 0.000000, -0.221033, -0.000124, -0.028604, -0.001684
100.000000, 5, -0.192954, 0.000000, -0.176303, -0.000153, -0.040561, -0.001684
100.000000, 6, -0.192954, 0.000000, -0.140394, 0.000149, -0.053563, -0.001684
100.000000, 7, -0.192954, 0.000000, -0.111565, 0.000970, -0.066811, -0.001684
100.000000, 8, -0.192954, 0.000000, -0.088421, 0.001757, -0.079706, -0.001684
100.000000, 9, -0.192954, 0.000000, -0.069840, 0.001662, -0.091867, -0.001684
100.000000, 10, -0.192954, 0.000000, -0.054923, 0.000391, -0.103042, -0.001684
100.000000, 11, -0.192954, 0.000000, -0.042948, -0.001488, -0.113089, -0.001684
100.000000, 12, -0.192954, 0.000000, -0.033334, -0.002983, -0.121893, -0.001684
100.000000, 13, -0.192954, 0.000000, -0.025615, -0.003454, -0.129396, -0.001684
100.000000, 14, -0.192954, 0.000000, -0.019419, -0.003035, -0.135641, -0.001684
100.000000, 15, -0.192954, 0.000000, -0.014444, -0.002284, -0.140767, -0.001684
100.000000, 16, -0.192954, 0.000000, -0.010451, -0.001668, -0.144951, -0.001684
100.000000, 17, -0.192954, 0.000000, -0.007244, -0.001354, -0.148359, -0.001684
100.000000, 18, -0.192954, 0.000000, -0.004670, -0.001348, -0.151138, -0.001684
100.000000, 19, -0.192954, 0.000000, -0.002604, -0.001516, -0.153404, -0.001684
100.000000, 0, -0.189866, 0.000000, -0.540228, 0.000044, -0.001459, -0.001242
100.000000, 1, -0.189866, 0.000000, -0.432471, 0.000123, -0.005094, -0.001242
100.000000, 2, -0.189866, 0.000000, -0.345961, 0.000220, -0.010590, -0.001242
100.000000, 3, -0.189866, 0.000000, -0.276510, 0.000369, -0.018472, -0.001242
100.000000, 4, -0.189866, 0.000000, -0.220753, 0.000577, -0.028660, -0.001242
100.000000, 5, -0.189866, 0.000000, -0.175991, 0.000834, -0.040643, -0.001242
100.000000, 6, -0.189866, 0.000000, -0.140055, 0.001443, -0.053671, -0.001242
100.000000, 7, -0.189866, 0.000000, -0.111205, 0.002570, -0.066940, -0.001242
100.000000, 8, -0.189866, 0.000000, -0.088043, 0.003661, -0.079846, -0.001242
100.000000, 9, -0.189866, 0.000000, -0.069449, 0.003836, -0.092012, -0.001242
100.000000, 10, -0.189866, 0.000000, -0.054521, 0.002807, -0.103190, -0.001242
100.000000, 11, -0.189866, 0.000000, -0.042537, 0.001147, -0.113239, -0.001242
100.000000, 12, -0.189866, 0.000000, -0.032916, -0.000155, -0.122041, -0.001242
100.000000, 13, -0.189866, 0.000000, -0.025192, -0.000455, -0.129540, -0.001242
100.000000, 14, -0.189866, 0.000000, -0.018991, 0.000109, -0.135779, -0.001242
100.000000, 15, -0.189866, 0.000000, -0.014012, 0.000982, -0.140899, -0.001242
100.000000, 16, -0.189866, 0.000000, -0.010016, 0.001690, -0.145076, -0.001242
100.000000, 17, -0.189866, 0.000000, -0.006807, 0.002080, -0.148479, -0.001242
100.000000, 18, -0.189866, 0.000000, -0.004231, 0.002152, -0.151251, -0.001242
100.000000, 19, -0.189866, 0.000000, -0.002163, 0.002038, -0.153510, -0.001242
100.000000, 0, -0.186779, 0.000000, -0.540184, 0.000120, -0.001459, -0.000798
100.000000, 1, -0.186779, 0.000000, -0.432346, 0.000263, -0.005096, -0.000798
100.000000, 2, -0.186779, 0.000000, -0.345773, 0.000487, -0.010600, -0.000798
100.000000, 3, -0.186779, 0.000000, -0.276270, 0.000827, -0.018494, -0.000798
100.000000, 4, -0.186779, 0.000000, -0.220472, 0.001280, -0.028700, -0.000798
100.000000, 5, -0.186779, 0.000000, -0.175676, 0.001823, -0.040704, -0.000798
100.000000, 6, -0.186779, 0.000000, -0.139713, 0.002741, -0.053749, -0.000798
100.000000, 7, -0.186779, 0.000000, -0.110842, 0.004177, -0.067032, -0.000798
100.000000, 8, -0.186779, 0.000000, -0.087663, 0.005570, -0.079945, -0.000798
100.000000, 9, -0.186779, 0.000000, -0.069055, 0.006015, -0.092108, -0.000798
100.000000, 10, -0.186779, 0.000000, -0.054116, 0.005229, -0.103285, -0.000798
100.000000, 11, -0.186779, 0.000000, -0.042123, 0.003785, -0.113329, -0.000798
100.000000, 12, -0.186779, 0.000000, -0.032495, 0.002678, -0.122125, -0.000798
100.000000, 13, -0.186779, 0.000000, -0.024765, 0.002549, -0.129617, -0.000798
100.000000, 14, -0.186779, 0.000000, -0.018559, 0.003257, -0.135848, -0.000798
100.000000, 15, -0.186779, 0.000000, -0.013577, 0.004250, -0.140957, -0.000798
100.000000, 16, -0.186779, 0.000000, -0.009578, 0.005052, -0.145126, -0.000798
100.000000, 17, -0.186779, 0.000000, -0.006367, 0.005518, -0.148521, -0.000798
100.000000, 18, -0.186779, 0.000000, -0.003789, 0.005655, -0.151286, -0.000798
100.000000, 19, -0.186779, 0.000000, -0.001719, 0.005594, -0.153537, -0.000798
100.000000, 0, -0.183692, 0.000000, -0.540139, 0.000195, -0.001458, -0.000351
100.000000, 1, -0.183692, 0.000000, -0.432221, 0.000404, -0.005096, -0.000351
100.000000, 2, -0.183692, 0.000000, -0.345583, 0.000755, -0.010603, -0.000351
100.000000, 3, -0.183692, 0.000000, -0.276028, 0.001285, -0.018505, -0.000351
100.000000, 4, -0.183692, 0.000000, -0.220189, 0.001984, -0.028723, -0.000351
100.000000, 5, -0.183692, 0.000000, -0.175359, 0.002815, -0.040741, -0.000351
100.000000, 6, -0.183692, 0.000000, -0.139370, 0.004042, -0.053798, -0.000351
100.000000, 7, -0.183692, 0.000000, -0.110477, 0.005788, -0.067089, -0.000351
100.000000, 8, -0.183692, 0.000000, -0.087281, 0.007483, -0.080001, -0.000351
100.000000, 9, -0.183692, 0.000000, -0.068659, 0.008197, -0.092156, -0.000351
100.000000, 10, -0.183692, 0.000000, -0.053709, 0.007654, -0.103325, -0.000351
100.000000, 11, -0.183692, 0.000000, -0.041707, 0.006426, -0.113360, -0.000351
100.000000, 12, -0.183692, 0.000000, -0.032071, 0.005513, -0.122146, -0.000351
100.000000, 13, -0.183692, 0.000000, -0.024336, 0.005555, -0.129628, -0.000351
100.000000, 14, -0.183692, 0.000000, -0.018126, 0.006406, -0.135847, -0.000351
100.000000, 15, -0.183692, 0.000000, -0.013140, 0.007519, -0.140943, -0.000351
100.000000, 16, -0.183692, 0.000000, -0.009137, 0.008416, -0.145101, -0.000351
100.000000, 17, -0.183692, 0.000000, -0.005924, 0.008956, -0.148487, -0.000351
100.000000, 18, -0.183692, 0.000000, -0.003344, 0.009158, -0.151243, -0.000351
100.000000, 19, -0.183692, 0.000000, -0.001273, 0.009151, -0.153485, -0.000351
100.000000, 0, -0.180605, 0.000000, -0.540094, 0.000270, -0.001457, 0.000098
100.000000, 1, -0.180605, 0.000000, -0.432096, 0.000545, -0.005092, 0.000098
100.000000, 2, -0.180605, 0.000000, -0.345392, 0.001023, -0.010600, 0.000098
100.000000, 3, -0.180605, 0.000000, -0.275785, 0.001744, -0.018505, 0.000098
100.000000, 4, -0.180605, 0.000000, -0.219904, 0.002691, -0.028730, 0.000098
100.000000, 5, -0.180605, 0.000000, -0.175041, 0.003810, -0.040756, 0.000098
100.000000, 6, -0.180605, 0.000000, -0.139025, 0.005347, -0.053818, 0.000098
100.000000, 7, -0.180605, 0.000000, -0.110110, 0.007403, -0.067109, 0.000098
100.000000, 8, -0.180605, 0.000000, -0.086897, 0.009399, -0.080015, 0.000098
100.000000, 9, -0.180605, 0.000000, -0.068261, 0.010383, -0.092156, 0.000098
100.000000, 10, -0.180605, 0.000000, -0.053300, 0.010082, -0.103311, 0.000098
100.000000, 11, -0.180605, 0.000000, -0.041289, 0.009067, -0.113333, 0.000098
100.000000, 12, -0.180605, 0.000000, -0.031646, 0.008349, -0.122104, 0.000098
100.000000, 13, -0.180605, 0.000000, -0.023905, 0.008563, -0.129573, 0.000098
100.000000, 14, -0.180605, 0.000000, -0.017690, 0.009555, -0.135777, 0.000098
100.000000, 15, -0.180605, 0.000000, -0.012700, 0.010788, -0.140858, 0.000098
100.000000, 16, -0.180605, 0.000000, -0.008695, 0.011778, -0.145001, 0.000098
100.000000, 17, -0.180605, 0.000000, -0.005479, 0.012393, -0.148376, 0.000098
100.000000, 18, -0.180605, 0.000000, -0.002897, 0.012660, -0.151122, 0.000098
100.000000, 19, -0.180605, 0.000000, -0.000825, 0.012705, -0.153353, 0.000098
100.000000, 0, -0.177517, 0.000000, -0.540049, 0.000346, -0.001454, 0.000550
100.000000, 1, -0.177517, 0.000000, -0.431969, 0.000685, -0.005085, 0.000550
100.000000, 2, -0.177517, 0.000000, -0.345201, 0.001291, -0.010590, 0.000550
100.000000, 3, -0.177517, 0.000000, -0.275542, 0.002203, -0.018495, 0.000550
100.000000, 4, -0.177517, 0.000000, -0.219618, 0.003398, -0.028720, 0.000550
100.000000, 5, -0.177517, 0.000000, -0.174722, 0.004807, -0.040748, 0.000550
100.000000, 6, -0.177517, 0.000000, -0.138678, 0.006654, -0.053807, 0.000550
100.000000, 7, -0.177517, 0.000000, -0.109742, 0.009021, -0.067093, 0.000550
100.000000, 8, -0.177517, 0.000000, -0.086511, 0.011317, -0.079985, 0.000550
100.000000, 9, -0.177517, 0.000000, -0.067861, 0.012570, -0.092106, 0.000550
100.000000, 10, -0.177517, 0.000000, -0.052889, 0.012511, -0.103243, 0.000550
100.000000, 11, -0.177517, 0.000000, -0.040868, 0.011708, -0.113246, 0.000550
100.000000, 12, -0.177517, 0.000000, -0.031218, 0.011186, -0.122000, 0.000550
100.000000, 13, -0.177517, 0.000000, -0.023471, 0.011570, -0.129452, 0.000550
100.000000, 14, -0.177517, 0.000000, -0.017252, 0.012703, -0.135639, 0.000550
100.000000, 15, -0.177517, 0.000000, -0.012258, 0.014053, -0.140701, 0.000550
100.000000, 16, -0.177517, 0.000000, -0.008250, 0.015138, -0.144828, 0.000550
100.000000, 17, -0.177517, 0.000000, -0.005032, 0.015826, -0.148189, 0.000550
100.000000, 18, -0.177517, 0.000000, -0.002448, 0.016157, -0.150923, 0.000550
100.000000, 19, -0.177517, 0.000000, -0.000374, 0.016254, -0.153143, 0.000550
100.000000, 0, -0.174430, 0.000000, -0.540004, 0.000421, -0.001451, 0.001003
100.000000, 1, -0.174430, 0.000000, -0.431843, 0.000825, -0.005075, 0.001003
100.000000, 2, -0.174430, 0.000000, -0.345009, 0.001559, -0.010574, 0.001003
100.000000, 3, -0.174430, 0.000000, -0.275297, 0.002662, -0.018474, 0.001003
100.000000, 4, -0.174430, 0.000000, -0.219331, 0.004106, -0.028694, 0.001003
100.000000, 5, -0.174430, 0.000000, -0.174401, 0.005804, -0.040717, 0.001003
100.000000, 6, -0.174430, 0.000000, -0.138330, 0.007962, -0.053767, 0.001003
100.000000, 7, -0.174430, 0.000000, -0.109372, 0.010642, -0.067040, 0.001003
100.000000, 8, -0.174430, 0.000000, -0.086124, 0.013235, -0.079912, 0.001003
100.000000, 9, -0.174430, 0.000000, -0.067460, 0.014758, -0.092007, 0.001003
100.000000, 10, -0.174430, 0.000000, -0.052476, 0.014940, -0.103120, 0.001003
100.000000, 11, -0.174430, 0.000000, -0.040447, 0.014348, -0.113101, 0.001003
100.000000, 12, -0.174430, 0.000000, -0.030789, 0.014022, -0.121834, 0.001003
100.000000, 13, -0.174430, 0.000000, -0.023036, 0.014577, -0.129267, 0.001003
100.000000, 14, -0.174430, 0.000000, -0.016812, 0.015847, -0.135432, 0.001003
100.000000, 15, -0.174430, 0.000000, -0.011815, 0.017314, -0.140473, 0.001003
100.000000, 16, -0.174430, 0.000000, -0.007803, 0.018493, -0.144580, 0.001003
100.000000, 17, -0.174430, 0.000000, -0.004583, 0.019254, -0.147925, 0.001003
100.000000, 18, -0.174430, 0.000000, -0.001997, 0.019648, -0.150646, 0.001003
100.000000, 19, -0.174430, 0.000000, 0.000079, 0.019797, -0.152854, 0.001003
100.000000, 0, -0.171343, 0.000000, -0.539959, 0.000495, -0.001447, 0.001457
100.000000, 1, -0.171343, 0.000000, -0.431715, 0.000965, -0.005063, 0.001457
100.000000, 2, -0.171343, 0.000000, -0.344816, 0.001826, -0.010553, 0.001457
100.000000, 3, -0.171343, 0.000000, -0.275051, 0.003122, -0.018442, 0.001457
100.000000, 4, -0.171343, 0.000000, -0.219043, 0.004814, -0.028651, 0.001457
100.000000, 5, -0.171343, 0.000000, -0.174079, 0.006803, -0.040662, 0.001457
100.000000, 6, -0.171343, 0.000000, -0.137981, 0.009271, -0.053696, 0.001457
100.000000, 7, -0.171343, 0.000000, -0.109001, 0.012265, -0.066950, 0.001457
100.000000, 8, -0.171343, 0.000000, -0.085735, 0.015154, -0.079796, 0.001457
100.000000, 9, -0.171343, 0.000000, -0.067057, 0.016946, -0.091858, 0.001457
100.000000, 10, -0.171343, 0.000000, -0.052062, 0.017368, -0.102943, 0.001457
100.000000, 11, -0.171343, 0.000000, -0.040023, 0.016986, -0.112898, 0.001457
100.000000, 12, -0.171343, 0.000000, -0.030359, 0.016856, -0.121607, 0.001457
100.000000, 13, -0.171343, 0.000000, -0.022600, 0.017580, -0.129016, 0.001457
100.000000, 14, -0.171343, 0.000000, -0.016371, 0.018987, -0.135158, 0.001457
100.000000, 15, -0.171343, 0.000000, -0.011370, 0.020569, -0.140174, 0.001457
100.000000, 16, -0.171343, 0.000000, -0.007355, 0.021841, -0.144259, 0.001457
100.000000, 17, -0.171343, 0.000000, -0.004132, 0.022675, -0.147586, 0.001457
100.000000, 18, -0.171343, 0.000000, -0.001545, 0.023129, -0.150291, 0.001457
100.000000, 19, -0.171343, 0.000000, 0.000532, 0.023330, -0.152487, 0.001457
100.000000, 0, -0.168256, 0.000000, -0.539913, 0.000570, -0.001442, 0.001913
100.000000, 1, -0.168256, 0.000000, -0.431588, 0.001105, -0.005047, 0.001913
100.000000, 2, -0.168256, 0.000000, -0.344622, 0.002093, -0.010524, 0.001913
100.000000, 3, -0.168256, 0.000000, -0.274805, 0.003581, -0.018399, 0.001913
100.000000, 4, -0.168256, 0.000000, -0.218754, 0.005522, -0.028592, 0.001913
100.000000, 5, -0.168256, 0.000000, -0.173756, 0.007802, -0.040585, 0.001913
100.000000, 6, -0.168256, 0.000000, -0.137631, 0.010580, -0.053596, 0.001913
100.000000, 7, -0.168256, 0.000000, -0.108628, 0.013888, -0.066824, 0.001913
100.000000, 8, -0.168256, 0.000000, -0.085345, 0.017072, -0.079636, 0.001913
100.000000, 9, -0.168256, 0.000000, -0.066653, 0.019134, -0.091661, 0.001913
100.000000, 10, -0.168256, 0.000000, -0.051646, 0.019793, -0.102712, 0.001913
100.000000, 11, -0.168256, 0.000000, -0.039599, 0.019621, -0.112636, 0.001913
100.000000, 12, -0.168256, 0.000000, -0.029927, 0.019686, -0.121319, 0.001913
100.000000, 13, -0.168256, 0.000000, -0.022162, 0.020579, -0.128700, 0.001913
100.000000, 14, -0.168256, 0.000000, -0.015928, 0.022121, -0.134815, 0.001913
100.000000, 15, -0.168256, 0.000000, -0.010924, 0.023815, -0.139805, 0.001913
100.000000, 16, -0.168256, 0.000000, -0.006906, 0.025180, -0.143865, 0.001913
100.000000, 17, -0.168256, 0.000000, -0.003681, 0.026085, -0.147171, 0.001913
100.000000, 18, -0.168256, 0.000000, -0.001091, 0.026600, -0.149860, 0.001913
100.000000, 19, -0.168256, 0.000000, 0.000988, 0.026851, -0.152042, 0.001913
100.000000, 0, -0.165168, 0.000000, -0.539868, 0.000644, -0.001436, 0.002370
100.000000, 1, -0.165168, 0.000000, -0.431460, 0.001244, -0.005028, 0.002370
100.000000, 2, -0.165168, 0.000000, -0.344429, 0.002360, -0.010490, 0.002370
100.000000, 3, -0.165168, 0.000000, -0.274558, 0.004040, -0.018345, 0.002370
100.000000, 4, -0.165168, 0.000000, -0.218465, 0.006230, -0.028515, 0.002370
100.000000, 5, -0.165168, 0.000000, -0.173433, 0.008801, -0.040483, 0.002370
100.000000, 6, -0.165168, 0.000000, -0.137280, 0.011889, -0.053465, 0.002370
100.000000, 7, -0.165168, 0.000000, -0.108256, 0.015512, -0.066659, 0.002370
100.000000, 8, -0.165168, 0.000000, -0.084955, 0.018987, -0.079432, 0.002370
100.000000, 9, -0.165168, 0.000000, -0.066248, 0.021319, -0.091415, 0.002370
100.000000, 10, -0.165168, 0.000000, -0.051230, 0.022215, -0.102427, 0.002370
100.000000, 11, -0.165168, 0.000000, -0.039174, 0.022251, -0.112317, 0.002370
100.000000, 12, -0.165168, 0.000000, -0.029494, 0.022511, -0.120968, 0.002370
100.000000, 13, -0.165168, 0.000000, -0.021724, 0.023572, -0.128319, 0.002370
100.000000, 14, -0.165168, 0.000000, -0.015485, 0.025247, -0.134404, 0.002370
100.000000, 15, -0.165168, 0.000000, -0.010477, 0.027051, -0.139365, 0.002370
100.000000, 16, -0.165168, 0.000000, -0.006456, 0.028508, -0.143398, 0.002370
100.000000, 17, -0.165168, 0.000000, -0.003228, 0.029484, -0.146681, 0.002370
100.000000, 18, -0.165168, 0.000000, -0.000637, 0.030058, -0.149353, 0.002370
100.000000, 19, -0.165168, 0.000000, 0.001443, 0.030358, -0.151519, 0.002370
100.000000, 0, -0.162081, 0.000000, -0.539822, 0.000718, -0.001429, 0.002827
100.000000, 1, -0.162081, 0.000000, -0.431332, 0.001383, -0.005006, 0.002827
100.000000, 2, -0.162081, 0.000000, -0.344235, 0.002626, -0.010449, 0.002827
100.000000, 3, -0.162081, 0.000000, -0.274311, 0.004498, -0.018280, 0.002827
100.000000, 4, -0.162081, 0.000000, -0.218176, 0.006937, -0.028422, 0.002827
100.000000, 5, -0.162081, 0.000000, -0.173109, 0.009800, -0.040359, 0.002827
100.000000, 6, -0.162081, 0.000000, -0.136929, 0.013197, -0.053304, 0.002827
100.000000, 7, -0.162081, 0.000000, -0.107882, 0.017135, -0.066458, 0.002827
100.000000, 8, -0.162081, 0.000000, -0.084564, 0.020901, -0.079185, 0.002827
100.000000, 9, -0.162081, 0.000000, -0.065843, 0.023501, -0.091119, 0.002827
100.000000, 10, -0.162081, 0.000000, -0.050814, 0.024633, -0.102088, 0.002827
100.000000, 11, -0.162081, 0.000000, -0.038748, 0.024877, -0.111939, 0.002827
100.000000, 12, -0.162081, 0.000000, -0.029061, 0.025330, -0.120556, 0.002827
100.000000, 13, -0.162081, 0.000000, -0.021285, 0.026556, -0.127873, 0.002827
100.000000, 14, -0.162081, 0.000000, -0.015042, 0.028364, -0.133925, 0.002827
100.000000, 15, -0.162081, 0.000000, -0.010030, 0.030276, -0.138855, 0.002827
100.000000, 16, -0.162081, 0.000000, -0.006006, 0.031823, -0.142859, 0.002827
100.000000, 17, -0.162081, 0.000000, -0.002775, 0.032869, -0.146118, 0.002827
100.000000, 18, -0.162081, 0.000000, -0.000182, 0.033502, -0.148770, 0.002827
100.000000, 19, -0.162081, 0.000000, 0.001900, 0.033850, -0.150921, 0.002827
100.000000, 0, -0.158994, 0.000000, -0.539776, 0.000791, -0.001421, 0.003285
100.000000, 1, -0.158994, 0.000000, -0.431204, 0.001521, -0.004981, 0.003285
100.000000, 2, -0.158994, 0.000000, -0.344040, 0.002891, -0.010401, 0.003285
100.000000, 3, -0.158994, 0.000000, -0.274064, 0.004954, -0.018204, 0.003285
100.000000, 4, -0.158994, 0.000000, -0.217886, 0.007642, -0.028312, 0.003285
100.000000, 5, -0.158994, 0.000000, -0.172785, 0.010797, -0.040210, 0.003285
100.000000, 6, -0.158994, 0.000000, -0.136577, 0.014503, -0.053112, 0.003285
100.000000, 7, -0.158994, 0.000000, -0.107509, 0.018756, -0.066219, 0.003285
100.000000, 8, -0.158994, 0.000000, -0.084173, 0.022810, -0.078894, 0.003285
100.000000, 9, -0.158994, 0.000000, -0.065438, 0.025680, -0.090775, 0.003285
100.000000, 10, -0.158994, 0.000000, -0.050397, 0.027045, -0.101694, 0.003285
100.000000, 11, -0.158994, 0.000000, -0.038322, 0.027496, -0.111503, 0.003285
100.000000, 12, -0.158994, 0.000000, -0.028628, 0.028140, -0.120082, 0.003285
100.000000, 13, -0.158994, 0.000000, -0.020846, 0.029532, -0.127361, 0.003285
100.000000, 14, -0.158994, 0.000000, -0.014598, 0.031472, -0.133378, 0.003285
100.000000, 15, -0.158994, 0.000000, -0.009582, 0.033489, -0.138275, 0.003285
100.000000, 16, -0.158994, 0.000000, -0.005555, 0.035123, -0.142248, 0.003285
100.000000, 17, -0.158994, 0.000000, -0.002322, 0.036239, -0.145481, 0.003285
100.000000, 18, -0.158994, 0.000000, 0.000273, 0.036929, -0.148113, 0.003285
100.000000, 19, -0.158994, 0.000000, 0.002357, 0.037324, -0.150248, 0.003285
100.000000, 0, -0.155906, 0.000000, -0.539731, 0.000864, -0.001413, 0.003742
100.000000, 1, -0.155906, 0.000000, -0.431076, 0.001658, -0.004953, 0.003742
100.000000, 2, -0.155906, 0.000000, -0.343846, 0.003155, -0.010348, 0.003742
100.000000, 3, -0.155906, 0.000000, -0.273817, 0.005410, -0.018117, 0.003742
100.000000, 4, -0.155906, 0.000000, -0.217596, 0.008346, -0.028185, 0.003742
100.000000, 5, -0.155906, 0.000000, -0.172461, 0.011792, -0.040038, 0.003742
100.000000, 6, -0.155906, 0.000000, -0.136226, 0.015807, -0.052890, 0.003742
100.000000, 7, -0.155906, 0.000000, -0.107136, 0.020375, -0.065942, 0.003742
100.000000, 8, -0.155906, 0.000000, -0.083782, 0.024716, -0.078559, 0.003742
100.000000, 9, -0.155906, 0.000000, -0.065032, 0.027854, -0.090381, 0.003742
100.000000, 10, -0.155906, 0.000000, -0.049980, 0.029450, -0.101246, 0.003742
100.000000, 11, -0.155906, 0.000000, -0.037896, 0.030108, -0.111008, 0.003742
100.000000, 12, -0.155906, 0.000000, -0.028195, 0.030940, -0.119545, 0.003742
100.000000, 13, -0.155906, 0.000000, -0.020407, 0.032495, -0.126784, 0.003742
100.000000, 14, -0.155906, 0.000000, -0.014154, 0.034567, -0.132763, 0.003742
100.000000, 15, -0.155906, 0.000000, -0.009134, 0.036687, -0.137625, 0.003742
100.000000, 16, -0.155906, 0.000000, -0.005104, 0.038408, -0.141566, 0.003742
100.000000, 17, -0.155906, 0.000000, -0.001869, 0.039593, -0.144772, 0.003742
100.000000, 18, -0.155906, 0.000000, 0.000728, 0.040339, -0.147381, 0.003742
100.000000, 19, -0.155906, 0.000000, 0.002813, 0.040780, -0.149500, 0.003742
100.000000, 0, -0.152819, 0.000000, -0.539685, 0.000936, -0.001403, 0.004199
100.000000, 1, -0.152819, 0.000000, -0.430948, 0.001795, -0.004922, 0.004199
100.000000, 2, -0.152819, 0.000000, -0.343653, 0.003418, -0.010288, 0.004199
100.000000, 3, -0.152819, 0.000000, -0.273570, 0.005863, -0.018019, 0.004199
100.000000, 4, -0.152819, 0.000000, -0.217307, 0.009048, -0.028041, 0.004199
100.000000, 5, -0.152819, 0.000000, -0.172137, 0.012784, -0.039843, 0.004199
100.000000, 6, -0.152819, 0.000000, -0.135875, 0.017107, -0.052638, 0.004199
100.000000, 7, -0.152819, 0.000000, -0.106763, 0.021990, -0.065627, 0.004199
100.000000, 8, -0.152819, 0.000000, -0.083391, 0.026617, -0.078180, 0.004199
100.000000, 9, -0.152819, 0.000000, -0.064628, 0.030022, -0.089939, 0.004199
100.000000, 10, -0.152819, 0.000000, -0.049564, 0.031847, -0.100745, 0.004199
100.000000, 11, -0.152819, 0.000000, -0.037471, 0.032711, -0.110455, 0.004199
100.000000, 12, -0.152819, 0.000000, -0.027762, 0.033730, -0.118947, 0.004199
100.000000, 13, -0.152819, 0.000000, -0.019968, 0.035447, -0.126142, 0.004199
100.000000, 14, -0.152819, 0.000000, -0.013711, 0.037649, -0.132082, 0.004199
100.000000, 15, -0.152819, 0.000000, -0.008687, 0.039871, -0.136907, 0.004199
100.000000, 16, -0.152819, 0.000000, -0.004654, 0.041676, -0.140814, 0.004199
100.000000, 17, -0.152819, 0.000000, -0.001416, 0.042928, -0.143990, 0.004199
100.000000, 18, -0.152819, 0.000000, 0.001183, 0.043729, -0.146577, 0.004199
100.000000, 19, -0.152819, 0.000000, 0.003270, 0.044217, -0.148678, 0.004199
100.000000, 0, -0.149732, 0.000000, -0.539640, 0.001008, -0.001393, 0.004655
100.000000, 1, -0.149732, 0.000000, -0.430821, 0.001931, -0.004888, 0.004655
100.000000, 2, -0.149732, 0.000000, -0.343459, 0.003680, -0.010222, 0.004655
100.000000, 3, -0.149732, 0.000000, -0.273324, 0.006315, -0.017910, 0.004655
100.000000, 4, -0.149732, 0.000000, -0.217018, 0.009747, -0.027880, 0.004655
100.000000, 5, -0.149732, 0.000000, -0.171814, 0.013774, -0.039623, 0.004655
100.000000, 6, -0.149732, 0.000000, -0.135524, 0.018404, -0.052355, 0.004655
100.000000, 7, -0.149732, 0.000000, -0.106390, 0.023601, -0.065275, 0.004655
100.000000, 8, -0.149732, 0.000000, -0.083001, 0.028512, -0.077757, 0.004655
100.000000, 9, -0.149732, 0.000000, -0.064223, 0.032183, -0.089448, 0.004655
100.000000, 10, -0.149732, 0.000000, -0.049148, 0.034234, -0.100189, 0.004655
100.000000, 11, -0.149732, 0.000000, -0.037046, 0.035304, -0.109843, 0.004655
100.000000, 12, -0.149732, 0.000000, -0.027330, 0.036507, -0.118287, 0.004655
100.000000, 13, -0.149732, 0.000000, -0.019530, 0.038383, -0.125437, 0.004655
100.000000, 14, -0.149732, 0.000000, -0.013268, 0.040717, -0.131334, 0.004655
100.000000, 15, -0.149732, 0.000000, -0.008241, 0.043038, -0.136120, 0.004655
100.000000, 16, -0.149732, 0.000000, -0.004205, 0.044926, -0.139992, 0.004655
100.000000, 17, -0.149732, 0.000000, -0.000964, 0.046244, -0.143138, 0.004655
100.000000, 18, -0.149732, 0.000000, 0.001637, 0.047099, -0.145701, 0.004655
100.000000, 19, -0.149732, 0.000000, 0.003725, 0.047632, -0.147783, 0.004655
100.000000, 0, -0.146645, 0.000000, -0.539594, 0.001079, -0.001382, 0.005110
100.000000, 1, -0.146645, 0.000000, -0.430693, 0.002065, -0.004851, 0.005110
100.000000, 2, -0.146645, 0.000000, -0.343266, 0.003940, -0.010149, 0.005110
100.000000, 3, -0.146645, 0.000000, -0.273078, 0.006765, -0.017790, 0.005110
100.000000, 4, -0.146645, 0.000000, -0.216729, 0.010443, -0.027702, 0.005110
100.000000, 5, -0.146645, 0.000000, -0.171492, 0.014760, -0.039379, 0.005110
100.000000, 6, -0.146645, 0.000000, -0.135175, 0.019697, -0.052041, 0.005110
100.000000, 7, -0.146645, 0.000000, -0.106019, 0.025205, -0.064885, 0.005110
100.000000, 8, -0.146645, 0.000000, -0.082612, 0.030401, -0.077291, 0.005110
100.000000, 9, -0.146645, 0.000000, -0.063820, 0.034335, -0.088908, 0.005110
100.000000, 10, -0.146645, 0.000000, -0.048734, 0.036612, -0.099579, 0.005110
100.000000, 11, -0.146645, 0.000000, -0.036622, 0.037885, -0.109174, 0.005110
100.000000, 12, -0.146645, 0.000000, -0.026899, 0.039271, -0.117567, 0.005110
100.000000, 13, -0.146645, 0.000000, -0.019093, 0.041305, -0.124669, 0.005110
100.000000, 14, -0.146645, 0.000000, -0.012826, 0.043769, -0.130521, 0.005110
100.000000, 15, -0.146645, 0.000000, -0.007795, 0.046187, -0.135267, 0.005110
100.000000, 16, -0.146645, 0.000000, -0.003756, 0.048156, -0.139101, 0.005110
100.000000, 17, -0.146645, 0.000000, -0.000513, 0.049539, -0.142216, 0.005110
100.000000, 18, -0.146645, 0.000000, 0.002090, 0.050447, -0.144753, 0.005110
100.000000, 19, -0.146645, 0.000000, 0.004180, 0.051024, -0.146816, 0.005110
100.000000, 0, -0.143557, 0.000000, -0.539549, 0.001149, -0.001370, 0.005564
100.000000, 1, -0.143557, 0.000000, -0.430566, 0.002199, -0.004811, 0.005564
100.000000, 2, -0.143557, 0.000000, -0.343073, 0.004198, -0.010070, 0.005564
100.000000, 3, -0.143557, 0.000000, -0.272833, 0.007212, -0.017659, 0.005564
100.000000, 4, -0.143557, 0.000000, -0.216442, 0.011137, -0.027507, 0.005564
100.000000, 5, -0.143557, 0.000000, -0.171171, 0.015742, -0.039112, 0.005564
100.000000, 6, -0.143557, 0.000000, -0.134826, 0.020985, -0.051696, 0.005564
100.000000, 7, -0.143557, 0.000000, -0.105648, 0.026803, -0.064457, 0.005564
100.000000, 8, -0.143557, 0.000000, -0.082224, 0.032283, -0.076781, 0.005564
100.000000, 9, -0.143557, 0.000000, -0.063418, 0.036479, -0.088319, 0.005564
100.000000, 10, -0.143557, 0.000000, -0.048320, 0.038978, -0.098915, 0.005564
100.000000, 11, -0.143557, 0.000000, -0.036200, 0.040454, -0.108446, 0.005564
100.000000, 12, -0.143557, 0.000000, -0.026469, 0.042020, -0.116786, 0.005564
100.000000, 13, -0.143557, 0.000000, -0.018657, 0.044209, -0.123839, 0.005564
100.000000, 14, -0.143557, 0.000000, -0.012386, 0.046802, -0.129644, 0.005564
100.000000, 15, -0.143557, 0.000000, -0.007351, 0.049317, -0.134347, 0.005564
100.000000, 16, -0.143557, 0.000000, -0.003309, 0.051364, -0.138143, 0.005564
100.000000, 17, -0.143557, 0.000000, -0.000064, 0.052812, -0.141225, 0.005564
100.000000, 18, -0.143557, 0.000000, 0.002541, 0.053771, -0.143735, 0.005564
100.000000, 19, -0.143557, 0.000000, 0.004633, 0.054392, -0.145778, 0.005564
100.000000, 0, -0.140470, 0.000000, -0.539504, 0.001219, -0.001357, 0.006016
100.000000, 1, -0.140470, 0.000000, -0.430440, 0.002332, -0.004768, 0.006016
100.000000, 2, -0.140470, 0.000000, -0.342882, 0.004454, -0.009985, 0.006016
100.000000, 3, -0.140470, 0.000000, -0.272588, 0.007656, -0.017516, 0.006016
100.000000, 4, -0.140470, 0.000000, -0.216156, 0.011826, -0.027295, 0.006016
100.000000, 5, -0.140470, 0.000000, -0.170851, 0.016719, -0.038821, 0.006016
100.000000, 6, -0.140470, 0.000000, -0.134479, 0.022267, -0.051321, 0.006016
100.000000, 7, -0.140470, 0.000000, -0.105279, 0.028394, -0.063991, 0.006016
100.000000, 8, -0.140470, 0.000000, -0.081837, 0.034158, -0.076226, 0.006016
100.000000, 9, -0.140470, 0.000000, -0.063017, 0.038612, -0.087681, 0.006016
100.000000, 10, -0.140470, 0.000000, -0.047909, 0.041332, -0.098197, 0.006016
100.000000, 11, -0.140470, 0.000000, -0.035779, 0.043010, -0.107662, 0.006016
100.000000, 12, -0.140470, 0.000000, -0.026041, 0.044753, -0.115944, 0.006016
100.000000, 13, -0.140470, 0.000000, -0.018224, 0.047095, -0.122947, 0.006016
100.000000, 14, -0.140470, 0.000000, -0.011947, 0.049816, -0.128704, 0.006016
100.000000, 15, -0.140470, 0.000000, -0.006909, 0.052426, -0.133362, 0.006016
100.000000, 16, -0.140470, 0.000000, -0.002864, 0.054551, -0.137119, 0.006016
100.000000, 17, -0.140470, 0.000000, 0.000384, 0.056062, -0.140166, 0.006016
100.000000, 18, -0.140470, 0.000000, 0.002991, 0.057071, -0.142649, 0.006016
100.000000, 19, -0.140470, 0.000000, 0.005084, 0.057733, -0.144670, 0.006016
100.000000, 0, -0.137383, 0.000000, -0.539459, 0.001288, -0.001343, 0.006466
100.000000, 1, -0.137383, 0.000000, -0.430314, 0.002463, -0.004722, 0.006466
100.000000, 2, -0.137383, 0.000000, -0.342691, 0.004709, -0.009893, 0.006466
100.000000, 3, -0.137383, 0.000000, -0.272345, 0.008097, -0.017363, 0.006466
100.000000, 4, -0.137383, 0.000000, -0.215871, 0.012511, -0.027065, 0.006466
100.000000, 5, -0.137383, 0.000000, -0.170532, 0.017691, -0.038506, 0.006466
100.000000, 6, -0.137383, 0.000000, -0.134133, 0.023542, -0.050914, 0.006466
100.000000, 7, -0.137383, 0.000000, -0.104912, 0.029976, -0.063488, 0.006466
100.000000, 8, -0.137383, 0.000000, -0.081452, 0.036024, -0.075628, 0.006466
100.000000, 9, -0.137383, 0.000000, -0.062619, 0.040733, -0.086993, 0.006466
100.000000, 10, -0.137383, 0.000000, -0.047499, 0.043673, -0.097426, 0.006466
100.000000, 11, -0.137383, 0.000000, -0.035360, 0.045550, -0.106820, 0.006466
100.000000, 12, -0.137383, 0.000000, -0.025615, 0.047470, -0.115044, 0.006466
100.000000, 13, -0.137383, 0.000000, -0.017792, 0.049962, -0.121994, 0.006466
100.000000, 14, -0.137383, 0.000000, -0.011511, 0.052809, -0.127702, 0.006466
100.000000, 15, -0.137383, 0.000000, -0.006468, 0.055513, -0.132314, 0.006466
100.000000, 16, -0.137383, 0.000000, -0.002420, 0.057713, -0.136030, 0.006466
100.000000, 17, -0.137383, 0.000000, 0.000830, 0.059286, -0.139042, 0.006466
100.000000, 18, -0.137383, 0.000000, 0.003439, 0.060344, -0.141496, 0.006466
100.000000, 19, -0.137383, 0.000000, 0.005533, 0.061046, -0.143494, 0.006466
100.000000, 0, -0.134296, 0.000000, -0.539414, 0.001357, -0.001329, 0.006913
100.000000, 1, -0.134296, 0.000000, -0.430189, 0.002594, -0.004673, 0.006913
100.000000, 2, -0.134296, 0.000000, -0.342501, 0.004961, -0.009796, 0.006913
100.000000, 3, -0.134296, 0.000000, -0.272103, 0.008535, -0.017199, 0.006913
100.000000, 4, -0.134296, 0.000000, -0.215587, 0.013192, -0.026819, 0.006913
100.000000, 5, -0.134296, 0.000000, -0.170215, 0.018657, -0.038167, 0.006913
100.000000, 6, -0.134296, 0.000000, -0.133790, 0.024810, -0.050477, 0.006913
100.000000, 7, -0.134296, 0.000000, -0.104547, 0.031549, -0.062948, 0.006913
100.000000, 8, -0.134296, 0.000000, -0.081070, 0.037881, -0.074987, 0.006913
100.000000, 9, -0.134296, 0.000000, -0.062222, 0.042842, -0.086256, 0.006913
100.000000, 10, -0.134296, 0.000000, -0.047091, 0.045999, -0.096601, 0.006913
100.000000, 11, -0.134296, 0.000000, -0.034944, 0.048076, -0.105921, 0.006913
100.000000, 12, -0.134296, 0.000000, -0.025191, 0.050170, -0.114084, 0.006913
100.000000, 13, -0.134296, 0.000000, -0.017362, 0.052809, -0.120981, 0.006913
100.000000, 14, -0.134296, 0.000000, -0.011077, 0.055780, -0.126638, 0.006913
100.000000, 15, -0.134296, 0.000000, -0.006030, 0.058577, -0.131204, 0.006913
100.000000, 16, -0.134296, 0.000000, -0.001979, 0.060851, -0.134878, 0.006913
100.000000, 17, -0.134296, 0.000000, 0.001273, 0.062484, -0.137854, 0.006913
100.000000, 18, -0.134296, 0.000000, 0.003884, 0.063590, -0.140278, 0.006913
100.000000, 19, -0.134296, 0.000000, 0.005980, 0.064330, -0.142253, 0.006913
100.000000, 0, -0.131208, 0.000000, -0.539370, 0.001424, -0.001313, 0.007358
100.000000, 1, -0.131208, 0.000000, -0.430064, 0.002722, -0.004621, 0.007358
100.000000, 2, -0.131208, 0.000000, -0.342312, 0.005211, -0.009691, 0.007358
100.000000, 3, -0.131208, 0.000000, -0.271863, 0.008970, -0.017024, 0.007358
100.000000, 4, -0.131208, 0.000000, -0.215306, 0.013867, -0.026556, 0.007358
100.000000, 5, -0.131208, 0.000000, -0.169900, 0.019617, -0.037804, 0.007358
100.000000, 6, -0.131208, 0.000000, -0.133448, 0.026071, -0.050009, 0.007358
100.000000, 7, -0.131208, 0.000000, -0.104184, 0.033111, -0.062369, 0.007358
100.000000, 8, -0.131208, 0.000000, -0.080690, 0.039727, -0.074301, 0.007358
100.000000, 9, -0.131208, 0.000000, -0.061828, 0.044937, -0.085470, 0.007358
100.000000, 10, -0.131208, 0.000000, -0.046686, 0.048311, -0.095722, 0.007358
100.000000, 11, -0.131208, 0.000000, -0.034529, 0.050584, -0.104966, 0.007358
100.000000, 12, -0.131208, 0.000000, -0.024770, 0.052851, -0.113066, 0.007358
100.000000, 13, -0.131208, 0.000000, -0.016935, 0.055635, -0.119907, 0.007358
100.000000, 14, -0.131208, 0.000000, -0.010645, 0.058727, -0.125513, 0.007358
100.000000, 15, -0.131208, 0.000000, -0.005595, 0.061616, -0.130032, 0.007358
100.000000, 16, -0.131208, 0.000000, -0.001541, 0.063963, -0.133664, 0.007358
100.000000, 17, -0.131208, 0.000000, 0.001713, 0.065654, -0.136603, 0.007358
100.000000, 18, -0.131208, 0.000000, 0.004326, 0.066807, -0.138996, 0.007358
100.000000, 19, -0.131208, 0.000000, 0.006424, 0.067583, -0.140947, 0.007358
100.000000, 0, -0.128121, 0.000000, -0.539326, 0.001491, -0.001297, 0.007800
100.000000, 1, -0.128121, 0.000000, -0.429941, 0.002850, -0.004566, 0.007800
100.000000, 2, -0.128121, 0.000000, -0.342125, 0.005459, -0.009581, 0.007800
100.000000, 3, -0.128121, 0.000000, -0.271625, 0.009400, -0.016837, 0.007800
100.000000, 4, -0.128121, 0.000000, -0.215026, 0.014537, -0.026276, 0.007800
100.000000, 5, -0.128121, 0.000000, -0.169587, 0.020569, -0.037417, 0.007800
100.000000, 6, -0.128121, 0.000000, -0.133109, 0.027322, -0.049510, 0.007800
100.000000, 7, -0.128121, 0.000000, -0.103823, 0.034663, -0.061754, 0.007800
100.000000, 8, -0.128121, 0.000000, -0.080312, 0.041562, -0.073572, 0.007800
100.000000, 9, -0.128121, 0.000000, -0.061437, 0.047017, -0.084635, 0.007800
100.000000, 10, -0.128121, 0.000000, -0.046284, 0.050606, -0.094791, 0.007800
100.000000, 11, -0.128121, 0.000000, -0.034118, 0.053075, -0.103955, 0.007800
100.000000, 12, -0.128121, 0.000000, -0.024352, 0.055512, -0.111989, 0.007800
100.000000, 13, -0.128121, 0.000000, -0.016511, 0.058440, -0.118774, 0.007800
100.000000, 14, -0.128121, 0.000000, -0.010216, 0.061649, -0.124328, 0.007800
100.000000, 15, -0.128121, 0.000000, -0.005163, 0.064630, -0.128799, 0.007800
100.000000, 16, -0.128121, 0.000000, -0.001106, 0.067047, -0.132389, 0.007800
100.000000, 17, -0.128121, 0.000000, 0.002151, 0.068796, -0.135291, 0.007800
100.000000, 18, -0.128121, 0.000000, 0.004766, 0.069993, -0.137654, 0.007800
100.000000, 19, -0.128121, 0.000000, 0.006865, 0.070805, -0.139580, 0.007800
100.000000, 0, -0.125034, 0.000000, -0.539282, 0.001556, -0.001280, 0.008238
100.000000, 1, -0.125034, 0.000000, -0.429818, 0.002976, -0.004508, 0.008238
100.000000, 2, -0.125034, 0.000000, -0.341939, 0.005704, -0.009465, 0.008238
100.000000, 3, -0.125034, 0.000000, -0.271388, 0.009826, -0.016640, 0.008238
100.000000, 4, -0.125034, 0.000000, -0.214748, 0.015201, -0.025979, 0.008238
100.000000, 5, -0.125034, 0.000000, -0.169277, 0.021513, -0.037007, 0.008238
100.000000, 6, -0.125034, 0.000000, -0.132772, 0.028565, -0.048980, 0.008238
100.000000, 7, -0.125034, 0.000000, -0.103465, 0.036203, -0.061101, 0.008238
100.000000, 8, -0.125034, 0.000000, -0.079937, 0.043385, -0.072799, 0.008238
100.000000, 9, -0.125034, 0.000000, -0.061048, 0.049082, -0.083751, 0.008238
100.000000, 10, -0.125034, 0.000000, -0.045884, 0.052885, -0.093806, 0.008238
100.000000, 11, -0.125034, 0.000000, -0.033710, 0.055547, -0.102888, 0.008238
100.000000, 12, -0.125034, 0.000000, -0.023937, 0.058153, -0.110853, 0.008238
100.000000, 13, -0.125034, 0.000000, -0.016090, 0.061221, -0.117580, 0.008238
100.000000, 14, -0.125034, 0.000000, -0.009791, 0.064547, -0.123083, 0.008238
100.000000, 15, -0.125034, 0.000000, -0.004734, 0.067618, -0.127507, 0.008238
100.000000, 16, -0.125034, 0.000000, -0.000674, 0.070105, -0.131055, 0.008238
100.000000, 17, -0.125034, 0.000000, 0.002585, 0.071909, -0.133920, 0.008238
100.000000, 18, -0.125034, 0.000000, 0.005202, 0.073150, -0.136251, 0.008238
100.000000, 19, -0.125034, 0.000000, 0.007303, 0.073995, -0.138153, 0.008238
100.000000, 0, -0.121947, 0.000000, -0.539238, 0.001621, -0.001263, 0.008673
100.000000, 1, -0.121947, 0.000000, -0.429696, 0.003100, -0.004447, 0.008673
100.000000, 2, -0.121947, 0.000000, -0.341754, 0.005946, -0.009342, 0.008673
100.000000, 3, -0.121947, 0.000000, -0.271153, 0.010248, -0.016432, 0.008673
100.000000, 4, -0.121947, 0.000000, -0.214473, 0.015859, -0.025665, 0.008673
100.000000, 5, -0.121947, 0.000000, -0.168969, 0.022450, -0.036573, 0.008673
100.000000, 6, -0.121947, 0.000000, -0.132438, 0.029797, -0.048419, 0.008673
100.000000, 7, -0.121947, 0.000000, -0.103110, 0.037730, -0.060410, 0.008673
100.000000, 8, -0.121947, 0.000000, -0.079565, 0.045193, -0.071982, 0.008673
100.000000, 9, -0.121947, 0.000000, -0.060663, 0.051131, -0.082817, 0.008673
100.000000, 10, -0.121947, 0.000000, -0.045488, 0.055146, -0.092769, 0.008673
100.000000, 11, -0.121947, 0.000000, -0.033305, 0.058000, -0.101765, 0.008673
100.000000, 12, -0.121947, 0.000000, -0.023525, 0.060771, -0.109660, 0.008673
100.000000, 13, -0.121947, 0.000000, -0.015673, 0.063979, -0.116328, 0.008673
100.000000, 14, -0.121947, 0.000000, -0.009369, 0.067420, -0.121779, 0.008673
100.000000, 15, -0.121947, 0.000000, -0.004309, 0.070580, -0.126155, 0.008673
100.000000, 16, -0.121947, 0.000000, -0.000246, 0.073134, -0.129661, 0.008673
100.000000, 17, -0.121947, 0.000000, 0.003016, 0.074992, -0.132490, 0.008673
100.000000, 18, -0.121947, 0.000000, 0.005635, 0.076276, -0.134791, 0.008673
100.000000, 19, -0.121947, 0.000000, 0.007737, 0.077154, -0.136668, 0.008673
100.000000, 0, -0.118859, 0.000000, -0.539195, 0.001685, -0.001244, 0.009104
100.000000, 1, -0.118859, 0.000000, -0.429576, 0.003222, -0.004383, 0.009104
100.000000, 2, -0.118859, 0.000000, -0.341572, 0.006185, -0.009213, 0.009104
100.000000, 3, -0.118859, 0.000000, -0.270920, 0.010665, -0.016214, 0.009104
100.000000, 4, -0.118859, 0.000000, -0.214200, 0.016510, -0.025334, 0.009104
100.000000, 5, -0.118859, 0.000000, -0.168664, 0.023377, -0.036116, 0.009104
100.000000, 6, -0.118859, 0.000000, -0.132107, 0.031018, -0.047829, 0.009104
100.000000, 7, -0.118859, 0.000000, -0.102759, 0.039243, -0.059683, 0.009104
100.000000, 8, -0.118859, 0.000000, -0.079197, 0.046988, -0.071121, 0.009104
100.000000, 9, -0.118859, 0.000000, -0.060281, 0.053163, -0.081834, 0.009104
100.000000, 10, -0.118859, 0.000000, -0.045096, 0.057388, -0.091679, 0.009104
100.000000, 11, -0.118859, 0.000000, -0.032904, 0.060433, -0.100586, 0.009104
100.000000, 12, -0.118859, 0.000000, -0.023117, 0.063366, -0.108408, 0.009104
100.000000, 13, -0.118859, 0.000000, -0.015259, 0.066713, -0.115016, 0.009104
100.000000, 14, -0.118859, 0.000000, -0.008951, 0.070267, -0.120415, 0.009104
100.000000, 15, -0.118859, 0.000000, -0.003887, 0.073514, -0.124745, 0.009104
100.000000, 16, -0.118859, 0.000000, 0.000179, 0.076136, -0.128210, 0.009104
100.000000, 17, -0.118859, 0.000000, 0.003443, 0.078046, -0.131003, 0.009104
100.000000, 18, -0.118859, 0.000000, 0.006063, 0.079371, -0.133274, 0.009104
100.000000, 19, -0.118859, 0.000000, 0.008167, 0.080281, -0.135127, 0.009104
100.000000, 0, -0.115772, 0.000000, -0.539153, 0.001748, -0.001225, 0.009530
100.000000, 1, -0.115772, 0.000000, -0.429457, 0.003343, -0.004317, 0.009530
100.000000, 2, -0.115772, 0.000000, -0.341391, 0.006421, -0.009078, 0.009530
100.000000, 3, -0.115772, 0.000000, -0.270690, 0.011077, -0.015984, 0.009530
100.000000, 4, -0.115772, 0.000000, -0.213930, 0.017154, -0.024987, 0.009530
100.000000, 5, -0.115772, 0.000000, -0.168362, 0.024294, -0.035635, 0.009530
100.000000, 6, -0.115772, 0.000000, -0.131779, 0.032227, -0.047208, 0.009530
100.000000, 7, -0.115772, 0.000000, -0.102410, 0.040742, -0.058920, 0.009530
100.000000, 8, -0.115772, 0.000000, -0.078832, 0.048766, -0.070218, 0.009530
100.000000, 9, -0.115772, 0.000000, -0.059903, 0.055177, -0.080802, 0.009530
100.000000, 10, -0.115772, 0.000000, -0.044707, 0.059611, -0.090534, 0.009530
100.000000, 11, -0.115772, 0.000000, -0.032507, 0.062845, -0.099351, 0.009530
100.000000, 12, -0.115772, 0.000000, -0.022713, 0.065938, -0.107100, 0.009530
100.000000, 13, -0.115772, 0.000000, -0.014850, 0.069423, -0.113647, 0.009530
100.000000, 14, -0.115772, 0.000000, -0.008537, 0.073088, -0.118994, 0.009530
100.000000, 15, -0.115772, 0.000000, -0.003469, 0.076421, -0.123277, 0.009530
100.000000, 16, -0.115772, 0.000000, 0.000599, 0.079109, -0.126701, 0.009530
100.000000, 17, -0.115772, 0.000000, 0.003866, 0.081070, -0.129460, 0.009530
100.000000, 18, -0.115772, 0.000000, 0.006488, 0.082436, -0.131702, 0.009530
100.000000, 19, -0.115772, 0.000000, 0.008593, 0.083377, -0.133532, 0.009530
100.000000, 0, -0.112685, 0.000000, -0.539111, 0.001809, -0.001205, 0.009953
100.000000, 1, -0.112685, 0.000000, -0.429338, 0.003462, -0.004248, 0.009953
100.000000, 2, -0.112685, 0.000000, -0.341211, 0.006653, -0.008938, 0.009953
100.000000, 3, -0.112685, 0.000000, -0.270461, 0.011483, -0.015744, 0.009953
100.000000, 4, -0.112685, 0.000000, -0.213662, 0.017790, -0.024623, 0.009953
100.000000, 5, -0.112685, 0.000000, -0.168063, 0.025202, -0.035131, 0.009953
100.000000, 6, -0.112685, 0.000000, -0.131455, 0.033424, -0.046557, 0.009953
100.000000, 7, -0.112685, 0.000000, -0.102065, 0.042226, -0.058121, 0.009953
100.000000, 8, -0.112685, 0.000000, -0.078471, 0.050526, -0.069273, 0.009953
100.000000, 9, -0.112685, 0.000000, -0.059529, 0.057171, -0.079720, 0.009953
100.000000, 10, -0.112685, 0.000000, -0.044322, 0.061813, -0.089337, 0.009953
100.000000, 11, -0.112685, 0.000000, -0.032114, 0.065236, -0.098060, 0.009953
100.000000, 12, -0.112685, 0.000000, -0.022313, 0.068487, -0.105735, 0.009953
100.000000, 13, -0.112685, 0.000000, -0.014444, 0.072108, -0.112220, 0.009953
100.000000, 14, -0.112685, 0.000000, -0.008127, 0.075884, -0.117514, 0.009953
100.000000, 15, -0.112685, 0.000000, -0.003056, 0.079300, -0.121751, 0.009953
100.000000, 16, -0.112685, 0.000000, 0.001015, 0.082055, -0.125135, 0.009953
100.000000, 17, -0.112685, 0.000000, 0.004284, 0.084066, -0.127861, 0.009953
100.000000, 18, -0.112685, 0.000000, 0.006908, 0.085472, -0.130076, 0.009953
100.000000, 19, -0.112685, 0.000000, 0.009015, 0.086444, -0.131884, 0.009953
100.000000, 0, -0.109598, 0.000000, -0.539069, 0.001870, -0.001184, 0.010371
100.000000, 1, -0.109598, 0.000000, -0.429221, 0.003579, -0.004176, 0.010371
100.000000, 2, -0.109598, 0.000000, -0.341034, 0.006883, -0.008791, 0.010371
100.000000, 3, -0.109598, 0.000000, -0.270236, 0.011884, -0.015494, 0.010371
100.000000, 4, -0.109598, 0.000000, -0.213398, 0.018418, -0.024242, 0.010371
100.000000, 5, -0.109598, 0.000000, -0.167767, 0.026099, -0.034604, 0.010371
100.000000, 6, -0.109598, 0.000000, -0.131134, 0.034608, -0.045876, 0.010371
100.000000, 7, -0.109598, 0.000000, -0.101724, 0.043694, -0.057286, 0.010371
100.000000, 8, -0.109598, 0.000000, -0.078114, 0.052268, -0.068286, 0.010371
100.000000, 9, -0.109598, 0.000000, -0.059159, 0.059145, -0.078592, 0.010371
100.000000, 10, -0.109598, 0.000000, -0.043942, 0.063994, -0.088089, 0.010371
100.000000, 11, -0.109598, 0.000000, -0.031725, 0.067604, -0.096715, 0.010371
100.000000, 12, -0.109598, 0.000000, -0.021917, 0.071011, -0.104312, 0.010371
100.000000, 13, -0.109598, 0.000000, -0.014043, 0.074766, -0.110734, 0.010371
100.000000, 14, -0.109598, 0.000000, -0.007722, 0.078653, -0.115975, 0.010371
100.000000, 15, -0.109598, 0.000000, -0.002647, 0.082153, -0.120167, 0.010371
100.000000, 16, -0.109598, 0.000000, 0.001427, 0.084974, -0.123513, 0.010371
100.000000, 17, -0.109598, 0.000000, 0.004698, 0.087034, -0.126207, 0.010371
100.000000, 18, -0.109598, 0.000000, 0.007324, 0.088480, -0.128396, 0.010371
100.000000, 19, -0.109598, 0.000000, 0.009432, 0.089483, -0.130184, 0.010371
100.000000, 0, -0.106510, 0.000000, -0.539028, 0.001930, -0.001162, 0.010784
100.000000, 1, -0.106510, 0.000000, -0.429106, 0.003694, -0.004102, 0.010784
100.000000, 2, -0.106510, 0.000000, -0.340859, 0.007108, -0.008639, 0.010784
100.000000, 3, -0.106510, 0.000000, -0.270013, 0.012279, -0.015233, 0.010784
100.000000, 4, -0.106510, 0.000000, -0.213136, 0.019038, -0.023846, 0.010784
100.000000, 5, -0.106510, 0.000000, -0.167474, 0.026984, -0.034053, 0.010784
100.000000, 6, -0.106510, 0.000000, -0.130817, 0.035778, -0.045165, 0.010784
100.000000, 7, -0.106510, 0.000000, -0.101387, 0.045144, -0.056415, 0.010784
100.000000, 8, -0.106510, 0.000000, -0.077761, 0.053990, -0.067257, 0.010784
100.000000, 9, -0.106510, 0.000000, -0.058793, 0.061098, -0.077418, 0.010784
100.000000, 10, -0.106510, 0.000000, -0.043565, 0.066153, -0.086793, 0.010784
100.000000, 11, -0.106510, 0.000000, -0.031340, 0.069948, -0.095316, 0.010784
100.000000, 12, -0.106510, 0.000000, -0.021526, 0.073510, -0.102832, 0.010784
100.000000, 13, -0.106510, 0.000000, -0.013647, 0.077398, -0.109189, 0.010784
100.000000, 14, -0.106510, 0.000000, -0.007321, 0.081396, -0.114377, 0.010784
100.000000, 15, -0.106510, 0.000000, -0.002243, 0.084980, -0.118525, 0.010784
100.000000, 16, -0.106510, 0.000000, 0.001834, 0.087867, -0.121834, 0.010784
100.000000, 17, -0.106510, 0.000000, 0.005107, 0.089976, -0.124497, 0.010784
100.000000, 18, -0.106510, 0.000000, 0.007735, 0.091462, -0.126663, 0.010784
100.000000, 19, -0.106510, 0.000000, 0.009844, 0.092498, -0.128433, 0.010784
100.000000, 0, -0.103423, 0.000000, -0.538987, 0.001988, -0.001140, 0.011192
100.000000, 1, -0.103423, 0.000000, -0.428992, 0.003807, -0.004024, 0.011192
100.000000, 2, -0.103423, 0.000000, -0.340686, 0.007330, -0.008481, 0.011192
100.000000, 3, -0.103423, 0.000000, -0.269792, 0.012668, -0.014962, 0.011192
100.000000, 4, -0.103423, 0.000000, -0.212878, 0.019649, -0.023433, 0.011192
100.000000, 5, -0.103423, 0.000000, -0.167186, 0.027858, -0.033481, 0.011192
100.000000, 6, -0.103423, 0.000000, -0.130503, 0.036933, -0.044424, 0.011192
100.000000, 7, -0.103423, 0.000000, -0.101054, 0.046578, -0.055508, 0.011192
100.000000, 8, -0.103423, 0.000000, -0.077412, 0.055691, -0.066187, 0.011192
100.000000, 9, -0.103423, 0.000000, -0.058431, 0.063030, -0.076199, 0.011192
100.000000, 10, -0.103423, 0.000000, -0.043194, 0.068289, -0.085447, 0.011192
100.000000, 11, -0.103423, 0.000000, -0.030960, 0.072266, -0.093863, 0.011192
100.000000, 12, -0.103423, 0.000000, -0.021139, 0.075982, -0.101293, 0.011192
100.000000, 13, -0.103423, 0.000000, -0.013255, 0.080003, -0.107586, 0.011192
100.000000, 14, -0.103423, 0.000000, -0.006925, 0.084113, -0.112720, 0.011192
100.000000, 15, -0.103423, 0.000000, -0.001843, 0.087780, -0.116825, 0.011192
100.000000, 16, -0.103423, 0.000000, 0.002236, 0.090735, -0.120097, 0.011192
100.000000, 17, -0.103423, 0.000000, 0.005511, 0.092894, -0.122732, 0.011192
100.000000, 18, -0.103423, 0.000000, 0.008141, 0.094420, -0.124876, 0.011192
100.000000, 19, -0.103423, 0.000000, 0.010252, 0.095489, -0.126628, 0.011192
100.000000, 0, -0.100336, 0.000000, -0.538947, 0.002045, -0.001117, 0.011594
100.000000, 1, -0.100336, 0.000000, -0.428879, 0.003918, -0.003945, 0.011594
100.000000, 2, -0.100336, 0.000000, -0.340515, 0.007548, -0.008317, 0.011594
100.000000, 3, -0.100336, 0.000000, -0.269574, 0.013051, -0.014681, 0.011594
100.000000, 4, -0.100336, 0.000000, -0.212622, 0.020251, -0.023005, 0.011594
100.000000, 5, -0.100336, 0.000000, -0.166900, 0.028719, -0.032885, 0.011594
100.000000, 6, -0.100336, 0.000000, -0.130194, 0.038072, -0.043654, 0.011594
100.000000, 7, -0.100336, 0.000000, -0.100725, 0.047993, -0.054565, 0.011594
100.000000, 8, -0.100336, 0.000000, -0.077067, 0.057370, -0.065076, 0.011594
100.000000, 9, -0.100336, 0.000000, -0.058074, 0.064939, -0.074934, 0.011594
100.000000, 10, -0.100336, 0.000000, -0.042827, 0.070400, -0.084050, 0.011594
100.000000, 11, -0.100336, 0.000000, -0.030585, 0.074556, -0.092354, 0.011594
100.000000, 12, -0.100336, 0.000000, -0.020758, 0.078428, -0.099698, 0.011594
100.000000, 13, -0.100336, 0.000000, -0.012868, 0.082582, -0.105925, 0.011594
100.000000, 14, -0.100336, 0.000000, -0.006534, 0.086804, -0.111006, 0.011594
100.000000, 15, -0.100336, 0.000000, -0.001449, 0.090556, -0.115066, 0.011594
100.000000, 16, -0.100336, 0.000000, 0.002633, 0.093577, -0.118303, 0.011594
100.000000, 17, -0.100336, 0.000000, 0.005910, 0.095788, -0.120910, 0.011594
100.000000, 18, -0.100336, 0.000000, 0.008542, 0.097355, -0.123032, 0.011594
100.000000, 19, -0.100336, 0.000000, 0.010654, 0.098459, -0.124769, 0.011594
100.000000, 0, -0.097249, 0.000000, -0.538907, 0.002101, -0.001093, 0.011992
100.000000, 1, -0.097249, 0.000000, -0.428768, 0.004026, -0.003862, 0.011992
100.000000, 2, -0.097249, 0.000000, -0.340346, 0.007762, -0.008148, 0.011992
100.000000, 3, -0.097249, 0.000000, -0.269360, 0.013427, -0.014390, 0.011992
100.000000, 4, -0.097249, 0.000000, -0.212371, 0.020843, -0.022560, 0.011992
100.000000, 5, -0.097249, 0.000000, -0.166619, 0.029568, -0.032268, 0.011992
100.000000, 6, -0.097249, 0.000000, -0.129889, 0.039195, -0.042855, 0.011992
100.000000, 7, -0.097249, 0.000000, -0.100401, 0.049388, -0.053587, 0.011992
100.000000, 8, -0.097249, 0.000000, -0.076728, 0.059026, -0.063925, 0.011992
100.000000, 9, -0.097249, 0.000000, -0.057722, 0.066825, -0.073622, 0.011992
100.000000, 10, -0.097249, 0.000000, -0.042465, 0.072485, -0.082601, 0.011992
100.000000, 11, -0.097249, 0.000000, -0.030215, 0.076817, -0.090791, 0.011992
100.000000, 12, -0.097249, 0.000000, -0.020382, 0.080847, -0.098047, 0.011992
100.000000, 13, -0.097249, 0.000000, -0.012487, 0.085133, -0.104209, 0.011992
100.000000, 14, -0.097249, 0.000000, -0.006149, 0.089469, -0.109236, 0.011992
100.000000, 15, -0.097249, 0.000000, -0.001060, 0.093305, -0.113251, 0.011992
100.000000, 16, -0.097249, 0.000000, 0.003025, 0.096395, -0.116451, 0.011992
100.000000, 17, -0.097249, 0.000000, 0.006304, 0.098658, -0.119030, 0.011992
100.000000, 18, -0.097249, 0.000000, 0.008937, 0.100268, -0.121131, 0.011992
100.000000, 19, -0.097249, 0.000000, 0.011051, 0.101408, -0.122852, 0.011992
100.000000, 0, -0.094161, 0.000000, -0.538868, 0.002156, -0.001069, 0.012383
100.000000, 1, -0.094161, 0.000000, -0.428658, 0.004133, -0.003778, 0.012383
100.000000, 2, -0.094161, 0.000000, -0.340180, 0.007972, -0.007974, 0.012383
100.000000, 3, -0.094161, 0.000000, -0.269148, 0.013796, -0.014089, 0.012383
100.000000, 4, -0.094161, 0.000000, -0.212123, 0.021424, -0.022100, 0.012383
100.000000, 5, -0.094161, 0.000000, -0.166342, 0.030402, -0.031628, 0.012383
100.000000, 6, -0.094161, 0.000000, -0.129588, 0.040301, -0.042027, 0.012383
100.000000, 7, -0.094161, 0.000000, -0.100081, 0.050764, -0.052574, 0.012383
100.000000, 8, -0.094161, 0.000000, -0.076393, 0.060659, -0.062732, 0.012383
100.000000, 9, -0.094161, 0.000000, -0.057376, 0.068686, -0.072263, 0.012383
100.000000, 10, -0.094161, 0.000000, -0.042108, 0.074543, -0.081100, 0.012383
100.000000, 11, -0.094161, 0.000000, -0.029851, 0.079049, -0.089174, 0.012383
100.000000, 12, -0.094161, 0.000000, -0.020011, 0.083238, -0.096342, 0.012383
100.000000, 13, -0.094161, 0.000000, -0.012111, 0.087657, -0.102438, 0.012383
100.000000, 14, -0.094161, 0.000000, -0.005769, 0.092105, -0.107409, 0.012383
100.000000, 15, -0.094161, 0.000000, -0.000677, 0.096028, -0.111377, 0.012383
100.000000, 16, -0.094161, 0.000000, 0.003410, 0.099186, -0.114540, 0.012383
100.000000, 17, -0.094161, 0.000000, 0.006692, 0.101505, -0.117090, 0.012383
100.000000, 18, -0.094161, 0.000000, 0.009326, 0.103159, -0.119170, 0.012383
100.000000, 19, -0.094161, 0.000000, 0.011441, 0.104336, -0.120875, 0.012383
100.000000, 0, -0.091074, 0.000000, -0.538830, 0.002209, -0.001044, 0.012769
100.000000, 1, -0.091074, 0.000000, -0.428551, 0.004237, -0.003690, 0.012769
100.000000, 2, -0.091074, 0.000000, -0.340017, 0.008177, -0.007794, 0.012769
100.000000, 3, -0.091074, 0.000000, -0.268940, 0.014157, -0.013778, 0.012769
100.000000, 4, -0.091074, 0.000000, -0.211879, 0.021995, -0.021625, 0.012769
100.000000, 5, -0.091074, 0.000000, -0.166069, 0.031223, -0.030966, 0.012769
100.000000, 6, -0.091074, 0.000000, -0.129292, 0.041388, -0.041170, 0.012769
100.000000, 7, -0.091074, 0.000000, -0.099767, 0.052119, -0.051526, 0.012769
100.000000, 8, -0.091074, 0.000000, -0.076063, 0.062267, -0.061499, 0.012769
100.000000, 9, -0.091074, 0.000000, -0.057034, 0.070521, -0.070856, 0.012769
100.000000, 10, -0.091074, 0.000000, -0.041757, 0.076574, -0.079547, 0.012769
100.000000, 11, -0.091074, 0.000000, -0.029492, 0.081252, -0.087505, 0.012769
100.000000, 12, -0.091074, 0.000000, -0.019646, 0.085601, -0.094584, 0.012769
100.000000, 13, -0.091074, 0.000000, -0.011741, 0.090153, -0.100611, 0.012769
100.000000, 14, -0.091074, 0.000000, -0.005395, 0.094712, -0.105525, 0.012769
100.000000, 15, -0.091074, 0.000000, -0.000300, 0.098722, -0.109444, 0.012769
100.000000, 16, -0.091074, 0.000000, 0.003790, 0.101951, -0.112568, 0.012769
100.000000, 17, -0.091074, 0.000000, 0.007074, 0.104326, -0.115087, 0.012769
100.000000, 18, -0.091074, 0.000000, 0.009710, 0.106026, -0.117145, 0.012769
100.000000, 19, -0.091074, 0.000000, 0.011826, 0.107243, -0.118834, 0.012769
100.000000, 0, -0.087987, 0.000000, -0.538792, 0.002261, -0.001018, 0.013147
100.000000, 1, -0.087987, 0.000000, -0.428445, 0.004338, -0.003601, 0.013147
100.000000, 2, -0.087987, 0.000000, -0.339856, 0.008378, -0.007609, 0.013147
100.000000, 3, -0.087987, 0.000000, -0.268735, 0.014511, -0.013458, 0.013147
100.000000, 4, -0.087987, 0.000000, -0.211639, 0.022555, -0.021134, 0.013147
100.000000, 5, -0.087987, 0.000000, -0.165801, 0.032028, -0.030282, 0.013147
100.000000, 6, -0.087987, 0.000000, -0.129001, 0.042456, -0.040285, 0.013147
100.000000, 7, -0.087987, 0.000000, -0.099457, 0.053452, -0.050443, 0.013147
100.000000, 8, -0.087987, 0.000000, -0.075740, 0.063848, -0.060225, 0.013147
100.000000, 9, -0.087987, 0.000000, -0.056698, 0.072328, -0.069403, 0.013147
100.000000, 10, -0.087987, 0.000000, -0.041412, 0.078576, -0.077944, 0.013147
100.000000, 11, -0.087987, 0.000000, -0.029140, 0.083425, -0.085784, 0.013147
100.000000, 12, -0.087987, 0.000000, -0.019287, 0.087934, -0.092771, 0.013147
100.000000, 13, -0.087987, 0.000000, -0.011377, 0.092618, -0.098728, 0.013147
100.000000, 14, -0.087987, 0.000000, -0.005027, 0.097288, -0.103582, 0.013147
100.000000, 15, -0.087987, 0.000000, 0.000071, 0.101387, -0.107451, 0.013147
100.000000, 16, -0.087987, 0.000000, 0.004163, 0.104687, -0.110533, 0.013147
100.000000, 17, -0.087987, 0.000000, 0.007449, 0.107121, -0.113021, 0.013147
100.000000, 18, -0.087987, 0.000000, 0.010087, 0.108869, -0.115055, 0.013147
100.000000, 19, -0.087987, 0.000000, 0.012204, 0.110126, -0.116726, 0.013147
100.000000, 0, -0.084900, 0.000000, -0.538755, 0.002312, -0.000991, 0.013519
100.000000, 1, -0.084900, 0.000000, -0.428340, 0.004437, -0.003509, 0.013519
100.000000, 2, -0.084900, 0.000000, -0.339698, 0.008574, -0.007418, 0.013519
100.000000, 3, -0.084900, 0.000000, -0.268535, 0.014858, -0.013128, 0.013519
100.000000, 4, -0.084900, 0.000000, -0.211403, 0.023104, -0.020628, 0.013519
100.000000, 5, -0.084900, 0.000000, -0.165537, 0.032818, -0.029578, 0.013519
100.000000, 6, -0.084900, 0.000000, -0.128715, 0.043505, -0.039372, 0.013519
100.000000, 7, -0.084900, 0.000000, -0.099154, 0.054761, -0.049326, 0.013519
100.000000, 8, -0.084900, 0.000000, -0.075422, 0.065403, -0.058911, 0.013519
100.000000, 9, -0.084900, 0.000000, -0.056369, 0.074106, -0.067905, 0.013519
100.000000, 10, -0.084900, 0.000000, -0.041073, 0.080549, -0.076292, 0.013519
100.000000, 11, -0.084900, 0.000000, -0.028793, 0.085567, -0.084011, 0.013519
100.000000, 12, -0.084900, 0.000000, -0.018935, 0.090236, -0.090904, 0.013519
100.000000, 13, -0.084900, 0.000000, -0.011020, 0.095052, -0.096786, 0.013519
100.000000, 14, -0.084900, 0.000000, -0.004666, 0.099831, -0.101579, 0.013519
100.000000, 15, -0.084900, 0.000000, 0.000435, 0.104020, -0.105395, 0.013519
100.000000, 16, -0.084900, 0.000000, 0.004530, 0.107393, -0.108434, 0.013519
100.000000, 17, -0.084900, 0.000000, 0.007817, 0.109887, -0.110888, 0.013519
100.000000, 18, -0.084900, 0.000000, 0.010457, 0.111684, -0.112896, 0.013519
100.000000, 19, -0.084900, 0.000000, 0.012576, 0.112984, -0.114548, 0.013519
100.000000, 0, -0.081812, 0.000000, -0.538718, 0.002361, -0.000964, 0.013884
100.000000, 1, -0.081812, 0.000000, -0.428238, 0.004534, -0.003414, 0.013884
100.000000, 2, -0.081812, 0.000000, -0.339543, 0.008765, -0.007223, 0.013884
100.000000, 3, -0.081812, 0.000000, -0.268338, 0.015196, -0.012789, 0.013884
100.000000, 4, -0.081812, 0.000000, -0.211172, 0.023641, -0.020108, 0.013884
100.000000, 5, -0.081812, 0.000000, -0.165279, 0.033592, -0.028851, 0.013884
100.000000, 6, -0.081812, 0.000000, -0.128435, 0.044533, -0.038431, 0.013884
100.000000, 7, -0.081812, 0.000000, -0.098856, 0.056047, -0.048175, 0.013884
100.000000, 8, -0.081812, 0.000000, -0.075110, 0.066929, -0.057556, 0.013884
100.000000, 9, -0.081812, 0.000000, -0.056046, 0.075854, -0.066361, 0.013884
100.000000, 10, -0.081812, 0.000000, -0.040741, 0.082492, -0.074590, 0.013884
100.000000, 11, -0.081812, 0.000000, -0.028454, 0.087678, -0.082185, 0.013884
100.000000, 12, -0.081812, 0.000000, -0.018589, 0.092504, -0.088981, 0.013884
100.000000, 13, -0.081812, 0.000000, -0.010670, 0.097453, -0.094786, 0.013884
100.000000, 14, -0.081812, 0.000000, -0.004313, 0.102340, -0.099515, 0.013884
100.000000, 15, -0.081812, 0.000000, 0.000791, 0.106621, -0.103276, 0.013884
100.000000, 16, -0.081812, 0.000000, 0.004889, 0.110065, -0.106270, 0.013884
100.000000, 17, -0.081812, 0.000000, 0.008179, 0.112622, -0.108687, 0.013884
100.000000, 18, -0.081812, 0.000000, 0.010820, 0.114470, -0.110668, 0.013884
100.000000, 19, -0.081812, 0.000000, 0.012940, 0.115812, -0.112298, 0.013884
100.000000, 0, -0.078725, 0.000000, -0.538683, 0.002409, -0.000936, 0.014241
100.000000, 1, -0.078725, 0.000000, -0.428139, 0.004628, -0.003318, 0.014241
100.000000, 2, -0.078725, 0.000000, -0.339392, 0.008952, -0.007023, 0.014241
100.000000, 3, -0.078725, 0.000000, -0.268145, 0.015526, -0.012441, 0.014241
100.000000, 4, -0.078725, 0.000000, -0.210946, 0.024165, -0.019573, 0.014241
100.000000, 5, -0.078725, 0.000000, -0.165026, 0.034349, -0.028105, 0.014241
100.000000, 6, -0.078725, 0.000000, -0.128161, 0.045540, -0.037464, 0.014241
100.000000, 7, -0.078725, 0.000000, -0.098565, 0.057308, -0.046989, 0.014241
100.000000, 8, -0.078725, 0.000000, -0.074805, 0.068426, -0.056161, 0.014241
100.000000, 9, -0.078725, 0.000000, -0.055730, 0.077571, -0.064773, 0.014241
100.000000, 10, -0.078725, 0.000000, -0.040416, 0.084404, -0.072840, 0.014241
100.000000, 11, -0.078725, 0.000000, -0.028122, 0.089755, -0.080306, 0.014241
100.000000, 12, -0.078725, 0.000000, -0.018252, 0.094737, -0.087002, 0.014241
100.000000, 13, -0.078725, 0.000000, -0.010328, 0.099820, -0.092727, 0.014241
100.000000, 14, -0.078725, 0.000000, -0.003966, 0.104814, -0.097391, 0.014241
100.000000, 15, -0.078725, 0.000000, 0.001141, 0.109186, -0.101094, 0.014241
100.000000, 16, -0.078725, 0.000000, 0.005241, 0.112703, -0.104040, 0.014241
100.000000, 17, -0.078725, 0.000000, 0.008532, 0.115322, -0.106418, 0.014241
100.000000, 18, -0.078725, 0.000000, 0.011175, 0.117221, -0.108368, 0.014241
100.000000, 19, -0.078725, 0.000000, 0.013296, 0.118606, -0.109975, 0.014241
100.000000, 0, -0.075638, 0.000000, -0.538648, 0.002456, -0.000908, 0.014589
100.000000, 1, -0.075638, 0.000000, -0.428041, 0.004719, -0.003219, 0.014589
100.000000, 2, -0.075638, 0.000000, -0.339244, 0.009133, -0.006817, 0.014589
100.000000, 3, -0.075638, 0.000000, -0.267956, 0.015847, -0.012084, 0.014589
100.000000, 4, -0.075638, 0.000000, -0.210725, 0.024676, -0.019023, 0.014589
100.000000, 5, -0.075638, 0.000000, -0.164779, 0.035088, -0.027337, 0.014589
100.000000, 6, -0.075638, 0.000000, -0.127893, 0.046524, -0.036469, 0.014589
100.000000, 7, -0.075638, 0.000000, -0.098280, 0.058543, -0.045771, 0.014589
100.000000, 8, -0.075638, 0.000000, -0.074507, 0.069893, -0.054727, 0.014589
100.000000, 9, -0.075638, 0.000000, -0.055421, 0.079257, -0.063141, 0.014589
100.000000, 10, -0.075638, 0.000000, -0.040098, 0.086283, -0.071040, 0.014589
100.000000, 11, -0.075638, 0.000000, -0.027797, 0.091798, -0.078374, 0.014589
100.000000, 12, -0.075638, 0.000000, -0.017921, 0.096934, -0.084967, 0.014589
100.000000, 13, -0.075638, 0.000000, -0.009993, 0.102150, -0.090610, 0.014589
100.000000, 14, -0.075638, 0.000000, -0.003628, 0.107251, -0.095206, 0.014589
100.000000, 15, -0.075638, 0.000000, 0.001482, 0.111714, -0.098850, 0.014589
100.000000, 16, -0.075638, 0.000000, 0.005584, 0.115301, -0.101745, 0.014589
100.000000, 17, -0.075638, 0.000000, 0.008877, 0.117984, -0.104081, 0.014589
100.000000, 18, -0.075638, 0.000000, 0.011521, 0.119934, -0.105997, 0.014589
100.000000, 19, -0.075638, 0.000000, 0.013644, 0.121361, -0.107577, 0.014589
100.000000, 0, -0.072551, 0.000000, -0.538614, 0.002501, -0.000879, 0.014929
100.000000, 1, -0.072551, 0.000000, -0.427946, 0.004807, -0.003118, 0.014929
100.000000, 2, -0.072551, 0.000000, -0.339100, 0.009309, -0.006607, 0.014929
100.000000, 3, -0.072551, 0.000000, -0.267773, 0.016160, -0.011719, 0.014929
100.000000, 4, -0.072551, 0.000000, -0.210510, 0.025175, -0.018460, 0.014929
100.000000, 5, -0.072551, 0.000000, -0.164539, 0.035809, -0.026549, 0.014929
100.000000, 6, -0.072551, 0.000000, -0.127632, 0.047486, -0.035447, 0.014929
100.000000, 7, -0.072551, 0.000000, -0.098003, 0.059750, -0.044519, 0.014929
100.000000, 8, -0.072551, 0.000000, -0.074216, 0.071329, -0.053254, 0.014929
100.000000, 9, -0.072551, 0.000000, -0.055120, 0.080909, -0.061466, 0.014929
100.000000, 10, -0.072551, 0.000000, -0.039789, 0.088127, -0.069190, 0.014929
100.000000, 11, -0.072551, 0.000000, -0.027481, 0.093804, -0.076388, 0.014929
100.000000, 12, -0.072551, 0.000000, -0.017600, 0.099092, -0.082876, 0.014929
100.000000, 13, -0.072551, 0.000000, -0.009667, 0.104443, -0.088436, 0.014929
100.000000, 14, -0.072551, 0.000000, -0.003298, 0.109648, -0.092961, 0.014929
100.000000, 15, -0.072551, 0.000000, 0.001814, 0.114202, -0.096543, 0.014929
100.000000, 16, -0.072551, 0.000000, 0.005919, 0.117859, -0.099385, 0.014929
100.000000, 17, -0.072551, 0.000000, 0.009214, 0.120604, -0.101676, 0.014929
100.000000, 18, -0.072551, 0.000000, 0.011860, 0.122604, -0.103556, 0.014929
100.000000, 19, -0.072551, 0.000000, 0.013983, 0.124072, -0.105106, 0.014929
100.000000, 0, -0.069463, 0.000000, -0.538581, 0.002544, -0.000850, 0.015260
100.000000, 1, -0.069463, 0.000000, -0.427853, 0.004893, -0.003014, 0.015260
100.000000, 2, -0.069463, 0.000000, -0.338960, 0.009479, -0.006393, 0.015260
100.000000, 3, -0.069463, 0.000000, -0.267594, 0.016464, -0.011345, 0.015260
100.000000, 4, -0.069463, 0.000000, -0.210301, 0.025659, -0.017883, 0.015260
100.000000, 5, -0.069463, 0.000000, -0.164305, 0.036512, -0.025742, 0.015260
100.000000, 6, -0.069463, 0.000000, -0.127378, 0.048424, -0.034400, 0.015260
100.000000, 7, -0.069463, 0.000000, -0.097733, 0.060929, -0.043235, 0.015260
100.000000, 8, -0.069463, 0.000000, -0.073933, 0.072733, -0.051743, 0.015260
100.000000, 9, -0.069463, 0.000000, -0.054826, 0.082526, -0.059746, 0.015260
100.000000, 10, -0.069463, 0.000000, -0.039487, 0.089935, -0.067292, 0.015260
100.000000, 11, -0.069463, 0.000000, -0.027173, 0.095773, -0.074349, 0.015260
100.000000, 12, -0.069463, 0.000000, -0.017286, 0.101211, -0.080730, 0.015260
100.000000, 13, -0.069463, 0.000000, -0.009349, 0.106696, -0.086205, 0.015260
100.000000, 14, -0.069463, 0.000000, -0.002977, 0.112005, -0.090657, 0.015260
100.000000, 15, -0.069463, 0.000000, 0.002138, 0.116648, -0.094176, 0.015260
100.000000, 16, -0.069463, 0.000000, 0.006245, 0.120373, -0.096962, 0.015260
100.000000, 17, -0.069463, 0.000000, 0.009542, 0.123178, -0.099206, 0.015260
100.000000, 18, -0.069463, 0.000000, 0.012189, 0.125228, -0.101046, 0.015260
100.000000, 19, -0.069463, 0.000000, 0.014314, 0.126735, -0.102564, 0.015260
100.000000, 0, -0.066376, 0.000000, -0.538549, 0.002586, -0.000820, 0.015581
100.000000, 1, -0.066376, 0.000000, -0.427764, 0.004976, -0.002909, 0.015581
100.000000, 2, -0.066376, 0.000000, -0.338823, 0.009644, -0.006173, 0.015581
100.000000, 3, -0.066376, 0.000000, -0.267421, 0.016758, -0.010962, 0.015581
100.000000, 4, -0.066376, 0.000000, -0.210097, 0.026130, -0.017293, 0.015581
100.000000, 5, -0.066376, 0.000000, -0.164077, 0.037195, -0.024915, 0.015581
100.000000, 6, -0.066376, 0.000000, -0.127131, 0.049337, -0.033327, 0.015581
100.000000, 7, -0.066376, 0.000000, -0.097471, 0.062078, -0.041918, 0.015581
100.000000, 8, -0.066376, 0.000000, -0.073659, 0.074103, -0.050193, 0.015581
100.000000, 9, -0.066376, 0.000000, -0.054542, 0.084108, -0.057982, 0.015581
100.000000, 10, -0.066376, 0.000000, -0.039195, 0.091705, -0.065344, 0.015581
100.000000, 11, -0.066376, 0.000000, -0.026874, 0.097703, -0.072257, 0.015581
100.000000, 12, -0.066376, 0.000000, -0.016982, 0.103289, -0.078531, 0.015581
100.000000, 13, -0.066376, 0.000000, -0.009041, 0.108907, -0.083918, 0.015581
100.000000, 14, -0.066376, 0.000000, -0.002666, 0.114318, -0.088297, 0.015581
100.000000, 15, -0.066376, 0.000000, 0.002452, 0.119049, -0.091749, 0.015581
100.000000, 16, -0.066376, 0.000000, 0.006561, 0.122840, -0.094477, 0.015581
100.000000, 17, -0.066376, 0.000000, 0.009860, 0.125704, -0.096671, 0.015581
100.000000, 18, -0.066376, 0.000000, 0.012508, 0.127800, -0.098470, 0.015581
100.000000, 19, -0.066376, 0.000000, 0.014634, 0.129344, -0.099954, 0.015581
100.000000, 0, -0.063289, 0.000000, -0.538518, 0.002626, -0.000789, 0.015892
100.000000, 1, -0.063289, 0.000000, -0.427677, 0.005056, -0.002802, 0.015892
100.000000, 2, -0.063289, 0.000000, -0.338691, 0.009804, -0.005950, 0.015892
100.000000, 3, -0.063289, 0.000000, -0.267252, 0.017042, -0.010571, 0.015892
100.000000, 4, -0.063289, 0.000000, -0.209900, 0.026586, -0.016690, 0.015892
100.000000, 5, -0.063289, 0.000000, -0.163857, 0.037858, -0.024069, 0.015892
100.000000, 6, -0.063289, 0.000000, -0.126892, 0.050225, -0.032229, 0.015892
100.000000, 7, -0.063289, 0.000000, -0.097217, 0.063196, -0.040570, 0.015892
100.000000, 8, -0.063289, 0.000000, -0.073393, 0.075439, -0.048605, 0.015892
100.000000, 9, -0.063289, 0.000000, -0.054266, 0.085654, -0.056176, 0.015892
100.000000, 10, -0.063289, 0.000000, -0.038911, 0.093435, -0.063347, 0.015892
100.000000, 11, -0.063289, 0.000000, -0.026584, 0.099595, -0.070113, 0.015892
100.000000, 12, -0.063289, 0.000000, -0.016687, 0.105326, -0.076278, 0.015892
100.000000, 13, -0.063289, 0.000000, -0.008742, 0.111075, -0.081577, 0.015892
100.000000, 14, -0.063289, 0.000000, -0.002364, 0.116587, -0.085879, 0.015892
100.000000, 15, -0.063289, 0.000000, 0.002757, 0.121404, -0.089264, 0.015892
100.000000, 16, -0.063289, 0.000000, 0.006868, 0.125258, -0.091932, 0.015892
100.000000, 17, -0.063289, 0.000000, 0.010168, 0.128177, -0.094075, 0.015892
100.000000, 18, -0.063289, 0.000000, 0.012818, 0.130318, -0.095830, 0.015892
100.000000, 19, -0.063289, 0.000000, 0.014945, 0.131897, -0.097279, 0.015892
100.000000, 0, -0.060202, 0.000000, -0.538488, 0.002665, -0.000758, 0.016193
100.000000, 1, -0.060202, 0.000000, -0.427592, 0.005133, -0.002693, 0.016193
100.000000, 2, -0.060202, 0.000000, -0.338564, 0.009957, -0.005722, 0.016193
100.000000, 3, -0.060202, 0.000000, -0.267090, 0.017317, -0.010173, 0.016193
100.000000, 4, -0.060202, 0.000000, -0.209709, 0.027027, -0.016073, 0.016193
100.000000, 5, -0.060202, 0.000000, -0.163644, 0.038500, -0.023204, 0.016193
100.000000, 6, -0.060202, 0.000000, -0.126661, 0.051087, -0.031106, 0.016193
100.000000, 7, -0.060202, 0.000000, -0.096971, 0.064283, -0.039190, 0.016193
100.000000, 8, -0.060202, 0.000000, -0.073135, 0.076740, -0.046980, 0.016193
100.000000, 9, -0.060202, 0.000000, -0.053999, 0.087161, -0.054326, 0.016193
100.000000, 10, -0.060202, 0.000000, -0.038637, 0.095125, -0.061302, 0.016193
100.000000, 11, -0.060202, 0.000000, -0.026304, 0.101446, -0.067917, 0.016193
100.000000, 12, -0.060202, 0.000000, -0.016402, 0.107320, -0.073972, 0.016193
100.000000, 13, -0.060202, 0.000000, -0.008453, 0.113198, -0.079182, 0.016193
100.000000, 14, -0.060202, 0.000000, -0.002072, 0.118811, -0.083406, 0.016193
100.000000, 15, -0.060202, 0.000000, 0.003052, 0.123710, -0.086722, 0.016193
100.000000, 16, -0.060202, 0.000000, 0.007165, 0.127626, -0.089329, 0.016193
100.000000, 17, -0.060202, 0.000000, 0.010467, 0.130597, -0.091420, 0.016193
100.000000, 18, -0.060202, 0.000000, 0.013117, 0.132780, -0.093132, 0.016193
100.000000, 19, -0.060202, 0.000000, 0.015246, 0.134391, -0.094544, 0.016193
100.000000, 0, -0.057114, 0.000000, -0.538459, 0.002702, -0.000726, 0.016484
100.000000, 1, -0.057114, 0.000000, -0.427511, 0.005207, -0.002582, 0.016484
100.000000, 2, -0.057114, 0.000000, -0.338440, 0.010105, -0.005490, 0.016484
100.000000, 3, -0.057114, 0.000000, -0.266933, 0.017582, -0.009767, 0.016484
100.000000, 4, -0.057114, 0.000000, -0.209525, 0.027452, -0.015445, 0.016484
100.000000, 5, -0.057114, 0.000000, -0.163438, 0.039120, -0.022322, 0.016484
100.000000, 6, -0.057114, 0.000000, -0.126438, 0.051922, -0.029958, 0.016484
100.000000, 7, -0.057114, 0.000000, -0.096734, 0.065337, -0.037780, 0.016484
100.000000, 8, -0.057114, 0.000000, -0.072887, 0.078004, -0.045319, 0.016484
100.000000, 9, -0.057114, 0.000000, -0.053742, 0.088629, -0.052434, 0.016484
100.000000, 10, -0.057114, 0.000000, -0.038372, 0.096773, -0.059210, 0.016484
100.000000, 11, -0.057114, 0.000000, -0.026033, 0.103256, -0.065671, 0.016484
100.000000, 12, -0.057114, 0.000000, -0.016127, 0.109271, -0.071613, 0.016484
100.000000, 13, -0.057114, 0.000000, -0.008174, 0.115275, -0.076733, 0.016484
100.000000, 14, -0.057114, 0.000000, -0.001790, 0.120987, -0.080879, 0.016484
100.000000, 15, -0.057114, 0.000000, 0.003336, 0.125966, -0.084124, 0.016484
100.000000, 16, -0.057114, 0.000000, 0.007451, 0.129941, -0.086670, 0.016484
100.000000, 17, -0.057114, 0.000000, 0.010754, 0.132962, -0.088708, 0.016484
100.000000, 18, -0.057114, 0.000000, 0.013407, 0.135185, -0.090377, 0.016484
100.000000, 19, -0.057114, 0.000000, 0.015536, 0.136826, -0.091754, 0.016484
100.000000, 0, -0.054027, 0.000000, -0.538431, 0.002738, -0.000694, 0.016764
100.000000, 1, -0.054027, 0.000000, -0.427433, 0.005277, -0.002469, 0.016764
100.000000, 2, -0.054027, 0.000000, -0.338322, 0.010246, -0.005254, 0.016764
100.000000, 3, -0.054027, 0.000000, -0.266782, 0.017836, -0.009353, 0.016764
100.000000, 4, -0.054027, 0.000000, -0.209348, 0.027862, -0.014804, 0.016764
100.000000, 5, -0.054027, 0.000000, -0.163240, 0.039719, -0.021422, 0.016764
100.000000, 6, -0.054027, 0.000000, -0.126223, 0.052730, -0.028787, 0.016764
100.000000, 7, -0.054027, 0.000000, -0.096505, 0.066357, -0.036341, 0.016764
100.000000, 8, -0.054027, 0.000000, -0.072647, 0.079231, -0.043622, 0.016764
100.000000, 9, -0.054027, 0.000000, -0.053494, 0.090056, -0.050500, 0.016764
100.000000, 10, -0.054027, 0.000000, -0.038117, 0.098379, -0.057071, 0.016764
100.000000, 11, -0.054027, 0.000000, -0.025773, 0.105023, -0.063373, 0.016764
100.000000, 12, -0.054027, 0.000000, -0.015862, 0.111176, -0.069201, 0.016764
100.000000, 13, -0.054027, 0.000000, -0.007906, 0.117304, -0.074230, 0.016764
100.000000, 14, -0.054027, 0.000000, -0.001518, 0.123115, -0.078297, 0.016764
100.000000, 15, -0.054027, 0.000000, 0.003610, 0.128173, -0.081473, 0.016764
100.000000, 16, -0.054027, 0.000000, 0.007727, 0.132205, -0.083956, 0.016764
100.000000, 17, -0.054027, 0.000000, 0.011032, 0.135272, -0.085943, 0.016764
100.000000, 18, -0.054027, 0.000000, 0.013685, 0.137533, -0.087568, 0.016764
100.000000, 19, -0.054027, 0.000000, 0.015815, 0.139203, -0.088911, 0.016764
100.000000, 0, -0.050940, 0.000000, -0.538404, 0.002772, -0.000662, 0.017033
100.000000, 1, -0.050940, 0.000000, -0.427357, 0.005345, -0.002355, 0.017033
100.000000, 2, -0.050940, 0.000000, -0.338207, 0.010382, -0.005015, 0.017033
100.000000, 3, -0.050940, 0.000000, -0.266636, 0.018080, -0.008933, 0.017033
100.000000, 4, -0.050940, 0.000000, -0.209178, 0.028256, -0.014152, 0.017033
100.000000, 5, -0.050940, 0.000000, -0.163049, 0.040295, -0.020505, 0.017033
100.000000, 6, -0.050940, 0.000000, -0.126016, 0.053509, -0.027594, 0.017033
100.000000, 7, -0.050940, 0.000000, -0.096286, 0.067343, -0.034872, 0.017033
100.000000, 8, -0.050940, 0.000000, -0.072417, 0.080420, -0.041891, 0.017033
100.000000, 9, -0.050940, 0.000000, -0.053256, 0.091440, -0.048525, 0.017033
100.000000, 10, -0.050940, 0.000000, -0.037872, 0.099940, -0.054884, 0.017033
100.000000, 11, -0.050940, 0.000000, -0.025522, 0.106746, -0.061025, 0.017033
100.000000, 12, -0.050940, 0.000000, -0.015607, 0.113036, -0.066736, 0.017033
100.000000, 13, -0.050940, 0.000000, -0.007647, 0.119284, -0.071674, 0.017033
100.000000, 14, -0.050940, 0.000000, -0.001257, 0.125194, -0.075662, 0.017033
100.000000, 15, -0.050940, 0.000000, 0.003873, 0.130328, -0.078767, 0.017033
100.000000, 16, -0.050940, 0.000000, 0.007992, 0.134416, -0.081189, 0.017033
100.000000, 17, -0.050940, 0.000000, 0.011298, 0.137527, -0.083125, 0.017033
100.000000, 18, -0.050940, 0.000000, 0.013953, 0.139824, -0.084709, 0.017033
100.000000, 19, -0.050940, 0.000000, 0.016084, 0.141522, -0.086018, 0.017033
100.000000, 0, -0.047852, 0.000000, -0.538378, 0.002804, -0.000629, 0.017291
100.000000, 1, -0.047852, 0.000000, -0.427285, 0.005409, -0.002239, 0.017291
100.000000, 2, -0.047852, 0.000000, -0.338098, 0.010511, -0.004771, 0.017291
100.000000, 3, -0.047852, 0.000000, -0.266497, 0.018314, -0.008505, 0.017291
100.000000, 4, -0.047852, 0.000000, -0.209014, 0.028634, -0.013489, 0.017291
100.000000, 5, -0.047852, 0.000000, -0.162866, 0.040848, -0.019571, 0.017291
100.000000, 6, -0.047852, 0.000000, -0.125818, 0.054259, -0.026377, 0.017291
100.000000, 7, -0.047852, 0.000000, -0.096075, 0.068293, -0.033375, 0.017291
100.000000, 8, -0.047852, 0.000000, -0.072197, 0.081570, -0.040125, 0.017291
100.000000, 9, -0.047852, 0.000000, -0.053027, 0.092782, -0.046510, 0.017291
100.000000, 10, -0.047852, 0.000000, -0.037637, 0.101457, -0.052652, 0.017291
100.000000, 11, -0.047852, 0.000000, -0.025282, 0.108423, -0.058627, 0.017291
100.000000, 12, -0.047852, 0.000000, -0.015363, 0.114848, -0.064218, 0.017291
100.000000, 13, -0.047852, 0.000000, -0.007400, 0.121216, -0.069064, 0.017291
100.000000, 14, -0.047852, 0.000000, -0.001007, 0.127224, -0.072974, 0.017291
100.000000, 15, -0.047852, 0.000000, 0.004126, 0.132432, -0.076009, 0.017291
100.000000, 16, -0.047852, 0.000000, 0.008246, 0.136576, -0.078371, 0.017291
100.000000, 17, -0.047852, 0.000000, 0.011554, 0.139729, -0.080257, 0.017291
100.000000, 18, -0.047852, 0.000000, 0.014210, 0.142061, -0.081800, 0.017291
100.000000, 19, -0.047852, 0.000000, 0.016342, 0.143786, -0.083077, 0.017291
100.000000, 0, -0.044765, 0.000000, -0.538353, 0.002835, -0.000595, 0.017538
100.000000, 1, -0.044765, 0.000000, -0.427216, 0.005471, -0.002121, 0.017538
100.000000, 2, -0.044765, 0.000000, -0.337993, 0.010634, -0.004525, 0.017538
100.000000, 3, -0.044765, 0.000000, -0.266363, 0.018536, -0.008071, 0.017538
100.000000, 4, -0.044765, 0.000000, -0.208858, 0.028994, -0.012815, 0.017538
100.000000, 5, -0.044765, 0.000000, -0.162691, 0.041378, -0.018622, 0.017538
100.000000, 6, -0.044765, 0.000000, -0.125628, 0.054979, -0.025139, 0.017538
100.000000, 7, -0.044765, 0.000000, -0.095873, 0.069207, -0.031850, 0.017538
100.000000, 8, -0.044765, 0.000000, -0.071985, 0.082679, -0.038326, 0.017538
100.000000, 9, -0.044765, 0.000000, -0.052808, 0.094078, -0.044455, 0.017538
100.000000, 10, -0.044765, 0.000000, -0.037412, 0.102927, -0.050374, 0.017538
100.000000, 11, -0.044765, 0.000000, -0.025052, 0.110054, -0.056178, 0.017538
100.000000, 12, -0.044765, 0.000000, -0.015129, 0.116612, -0.061648, 0.017538
100.000000, 13, -0.044765, 0.000000, -0.007162, 0.123098, -0.066402, 0.017538
100.000000, 14, -0.044765, 0.000000, -0.000767, 0.129204, -0.070234, 0.017538
100.000000, 15, -0.044765, 0.000000, 0.004368, 0.134485, -0.073199, 0.017538
100.000000, 16, -0.044765, 0.000000, 0.008490, 0.138685, -0.075501, 0.017538
100.000000, 17, -0.044765, 0.000000, 0.011799, 0.141879, -0.077338, 0.017538
100.000000, 18, -0.044765, 0.000000, 0.014455, 0.144245, -0.078843, 0.017538
100.000000, 19, -0.044765, 0.000000, 0.016588, 0.145998, -0.080090, 0.017538
100.000000, 0, -0.041678, 0.000000, -0.538330, 0.002864, -0.000561, 0.017774
100.000000, 1, -0.041678, 0.000000, -0.427150, 0.005528, -0.002002, 0.017774
100.000000, 2, -0.041678, 0.000000, -0.337893, 0.010751, -0.004275, 0.017774
100.000000, 3, -0.041678, 0.000000, -0.266236, 0.018747, -0.007631, 0.017774
100.000000, 4, -0.041678, 0.000000, -0.208708, 0.029338, -0.012131, 0.017774
100.000000, 5, -0.041678, 0.000000, -0.162524, 0.041884, -0.017657, 0.017774
100.000000, 6, -0.041678, 0.000000, -0.125447, 0.055669, -0.023880, 0.017774
100.000000, 7, -0.041678, 0.000000, -0.095680, 0.070084, -0.030299, 0.017774
100.000000, 8, -0.041678, 0.000000, -0.071783, 0.083747, -0.036495, 0.017774
100.000000, 9, -0.041678, 0.000000, -0.052599, 0.095329, -0.042362, 0.017774
100.000000, 10, -0.041678, 0.000000, -0.037197, 0.104350, -0.048051, 0.017774
100.000000, 11, -0.041678, 0.000000, -0.024832, 0.111635, -0.053679, 0.017774
100.000000, 12, -0.041678, 0.000000, -0.014905, 0.118327, -0.059025, 0.017774
100.000000, 13, -0.041678, 0.000000, -0.006936, 0.124930, -0.063688, 0.017774
100.000000, 14, -0.041678, 0.000000, -0.000538, 0.131133, -0.067442, 0.017774
100.000000, 15, -0.041678, 0.000000, 0.004599, 0.136488, -0.070338, 0.017774
100.000000, 16, -0.041678, 0.000000, 0.008722, 0.140744, -0.072580, 0.017774
100.000000, 17, -0.041678, 0.000000, 0.012033, 0.143981, -0.074369, 0.017774
100.000000, 18, -0.041678, 0.000000, 0.014691, 0.146380, -0.075838, 0.017774
100.000000, 19, -0.041678, 0.000000, 0.016824, 0.148161, -0.077057, 0.017774
100.000000, 0, -0.038591, 0.000000, -0.538307, 0.002891, -0.000527, 0.018000
100.000000, 1, -0.038591, 0.000000, -0.427087, 0.005583, -0.001882, 0.018000
100.000000, 2, -0.038591, 0.000000, -0.337797, 0.010861, -0.004021, 0.018000
100.000000, 3, -0.038591, 0.000000, -0.266114, 0.018948, -0.007184, 0.018000
100.000000, 4, -0.038591, 0.000000, -0.208565, 0.029664, -0.011437, 0.018000
100.000000, 5, -0.038591, 0.000000, -0.162365, 0.042365, -0.016678, 0.018000
100.000000, 6, -0.038591, 0.000000, -0.125274, 0.056328, -0.022600, 0.018000
100.000000, 7, -0.038591, 0.000000, -0.095496, 0.070923, -0.028722, 0.018000
100.000000, 8, -0.038591, 0.000000, -0.071591, 0.084773, -0.034632, 0.018000
100.000000, 9, -0.038591, 0.000000, -0.052399, 0.096533, -0.040230, 0.018000
100.000000, 10, -0.038591, 0.000000, -0.036991, 0.105724, -0.045683, 0.018000
100.000000, 11, -0.038591, 0.000000, -0.024622, 0.113167, -0.051131, 0.018000
100.000000, 12, -0.038591, 0.000000, -0.014692, 0.119993, -0.056351, 0.018000
100.000000, 13, -0.038591, 0.000000, -0.006719, 0.126711, -0.060923, 0.018000
100.000000, 14, -0.038591, 0.000000, -0.000319, 0.133012, -0.064599, 0.018000
100.000000, 15, -0.038591, 0.000000, 0.004819, 0.138440, -0.067425, 0.018000
100.000000, 16, -0.038591, 0.000000, 0.008944, 0.142754, -0.069607, 0.018000
100.000000, 17, -0.038591, 0.000000, 0.012256, 0.146034, -0.071350, 0.018000
100.000000, 18, -0.038591, 0.000000, 0.014915, 0.148468, -0.072783, 0.018000
100.000000, 19, -0.038591, 0.000000, 0.017049, 0.150280, -0.073977, 0.018000
100.000000, 0, -0.035503, 0.000000, -0.538286, 0.002916, -0.000492, 0.018214
100.000000, 1, -0.035503, 0.000000, -0.427027, 0.005634, -0.001760, 0.018214
100.000000, 2, -0.035503, 0.000000, -0.337706, 0.010965, -0.003765, 0.018214
100.000000, 3, -0.035503, 0.000000, -0.265998, 0.019136, -0.006732, 0.018214
100.000000, 4, -0.035503, 0.000000, -0.208430, 0.029972, -0.010734, 0.018214
100.000000, 5, -0.035503, 0.000000, -0.162213, 0.042822, -0.015685, 0.018214
100.000000, 6, -0.035503, 0.000000, -0.125109, 0.056955, -0.021301, 0.018214
100.000000, 7, -0.035503, 0.000000, -0.095322, 0.071723, -0.027119, 0.018214
100.000000, 8, -0.035503, 0.000000, -0.071408, 0.085755, -0.032739, 0.018214
100.000000, 9, -0.035503, 0.000000, -0.052209, 0.097688, -0.038061, 0.018214
100.000000, 10, -0.035503, 0.000000, -0.036796, 0.107048, -0.043272, 0.018214
100.000000, 11, -0.035503, 0.000000, -0.024423, 0.114647, -0.048534, 0.018214
100.000000, 12, -0.035503, 0.000000, -0.014489, 0.121607, -0.053627, 0.018214
100.000000, 13, -0.035503, 0.000000, -0.006514, 0.128442, -0.058107, 0.018214
100.000000, 14, -0.035503, 0.000000, -0.000111, 0.134839, -0.061705, 0.018214
100.000000, 15, -0.035503, 0.000000, 0.005029, 0.140341, -0.064460, 0.018214
100.000000, 16, -0.035503, 0.000000, 0.009155, 0.144715, -0.066582, 0.018214
100.000000, 17, -0.035503, 0.000000, 0.012468, 0.148041, -0.068278, 0.018214
100.000000, 18, -0.035503, 0.000000, 0.015128, 0.150511, -0.069676, 0.018214
100.000000, 19, -0.035503, 0.000000, 0.017263, 0.152356, -0.070845, 0.018214
100.000000, 0, -0.032416, 0.000000, -0.538266, 0.002940, -0.000457, 0.018417
100.000000, 1, -0.032416, 0.000000, -0.426970, 0.005682, -0.001637, 0.018417
100.000000, 2, -0.032416, 0.000000, -0.337620, 0.011062, -0.003506, 0.018417
100.000000, 3, -0.032416, 0.000000, -0.265889, 0.019313, -0.006275, 0.018417
100.000000, 4, -0.032416, 0.000000, -0.208301, 0.030262, -0.010022, 0.018417
100.000000, 5, -0.032416, 0.000000, -0.162069, 0.043253, -0.014679, 0.018417
100.000000, 6, -0.032416, 0.000000, -0.124953, 0.057550, -0.019983, 0.018417
100.000000, 7, -0.032416, 0.000000, -0.095156, 0.072484, -0.025493, 0.018417
100.000000, 8, -0.032416, 0.000000, -0.071234, 0.086692, -0.030816, 0.018417
100.000000, 9, -0.032416, 0.000000, -0.052029, 0.098794, -0.035856, 0.018417
100.000000, 10, -0.032416, 0.000000, -0.036611, 0.108320, -0.040818, 0.018417
100.000000, 11, -0.032416, 0.000000, -0.024233, 0.116074, -0.045890, 0.018417
100.000000, 12, -0.032416, 0.000000, -0.014296, 0.123169, -0.050853, 0.018417
100.000000, 13, -0.032416, 0.000000, -0.006319, 0.130119, -0.055239, 0.018417
100.000000, 14, -0.032416, 0.000000, 0.000086, 0.136614, -0.058759, 0.018417
100.000000, 15, -0.032416, 0.000000, 0.005228, 0.142191, -0.061442, 0.018417
100.000000, 16, -0.032416, 0.000000, 0.009356, 0.146627, -0.063503, 0.018417
100.000000, 17, -0.032416, 0.000000, 0.012669, 0.150002, -0.065150, 0.018417
100.000000, 18, -0.032416, 0.000000, 0.015330, 0.152511, -0.066513, 0.018417
100.000000, 19, -0.032416, 0.000000, 0.017466, 0.154392, -0.067657, 0.018417
100.000000, 0, -0.029329, 0.000000, -0.538247, 0.002962, -0.000422, 0.018609
100.000000, 1, -0.029329, 0.000000, -0.426916, 0.005726, -0.001513, 0.018609
100.000000, 2, -0.029329, 0.000000, -0.337539, 0.011152, -0.003245, 0.018609
100.000000, 3, -0.029329, 0.000000, -0.265785, 0.019479, -0.005813, 0.018609
100.000000, 4, -0.029329, 0.000000, -0.208179, 0.030534, -0.009301, 0.018609
100.000000, 5, -0.029329, 0.000000, -0.161933, 0.043658, -0.013659, 0.018609
100.000000, 6, -0.029329, 0.000000, -0.124806, 0.058112, -0.018646, 0.018609
100.000000, 7, -0.029329, 0.000000, -0.094999, 0.073205, -0.023844, 0.018609
100.000000, 8, -0.029329, 0.000000, -0.071070, 0.087584, -0.028864, 0.018609
100.000000, 9, -0.029329, 0.000000, -0.051859, 0.099850, -0.033615, 0.018609
100.000000, 10, -0.029329, 0.000000, -0.036436, 0.109540, -0.038322, 0.018609
100.000000, 11, -0.029329, 0.000000, -0.024055, 0.117448, -0.043199, 0.018609
100.000000, 12, -0.029329, 0.000000, -0.014114, 0.124678, -0.048028, 0.018609
100.000000, 13, -0.029329, 0.000000, -0.006134, 0.131744, -0.052321, 0.018609
100.000000, 14, -0.029329, 0.000000, 0.000272, 0.138336, -0.055760, 0.018609
100.000000, 15, -0.029329, 0.000000, 0.005416, 0.143990, -0.058370, 0.018609
100.000000, 16, -0.029329, 0.000000, 0.009545, 0.148489, -0.060368, 0.018609
100.000000, 17, -0.029329, 0.000000, 0.012860, 0.151916, -0.061965, 0.018609
100.000000, 18, -0.029329, 0.000000, 0.015521, 0.154468, -0.063292, 0.018609
100.000000, 19, -0.029329, 0.000000, 0.017658, 0.156387, -0.064410, 0.018609
100.000000, 0, -0.026242, 0.000000, -0.538229, 0.002982, -0.000387, 0.018790
100.000000, 1, -0.026242, 0.000000, -0.426866, 0.005767, -0.001389, 0.018790
100.000000, 2, -0.026242, 0.000000, -0.337462, 0.011236, -0.002980, 0.018790
100.000000, 3, -0.026242, 0.000000, -0.265687, 0.019632, -0.005345, 0.018790
100.000000, 4, -0.026242, 0.000000, -0.208065, 0.030787, -0.008573, 0.018790
100.000000, 5, -0.026242, 0.000000, -0.161805, 0.044037, -0.012628, 0.018790
100.000000, 6, -0.026242, 0.000000, -0.124667, 0.058640, -0.017293, 0.018790
100.000000, 7, -0.026242, 0.000000, -0.094852, 0.073884, -0.022173, 0.018790
100.000000, 8, -0.026242, 0.000000, -0.070915, 0.088428, -0.026885, 0.018790
100.000000, 9, -0.026242, 0.000000, -0.051699, 0.100855, -0.031339, 0.018790
100.000000, 10, -0.026242, 0.000000, -0.036272, 0.110705, -0.035784, 0.018790
100.000000, 11, -0.026242, 0.000000, -0.023886, 0.118766, -0.040460, 0.018790
100.000000, 12, -0.026242, 0.000000, -0.013943, 0.126131, -0.045154, 0.018790
100.000000, 13, -0.026242, 0.000000, -0.005961, 0.133312, -0.049351, 0.018790
100.000000, 14, -0.026242, 0.000000, 0.000448, 0.140002, -0.052708, 0.018790
100.000000, 15, -0.026242, 0.000000, 0.005592, 0.145734, -0.055243, 0.018790
100.000000, 16, -0.026242, 0.000000, 0.009723, 0.150299, -0.057174, 0.018790
100.000000, 17, -0.026242, 0.000000, 0.013039, 0.153782, -0.058718, 0.018790
100.000000, 18, -0.026242, 0.000000, 0.015701, 0.156380, -0.060007, 0.018790
100.000000, 19, -0.026242, 0.000000, 0.017838, 0.158340, -0.061098, 0.018790
100.000000, 0, -0.023154, 0.000000, -0.538212, 0.003001, -0.000351, 0.018959
100.000000, 1, -0.023154, 0.000000, -0.426819, 0.005804, -0.001263, 0.018959
100.000000, 2, -0.023154, 0.000000, -0.337390, 0.011312, -0.002714, 0.018959
100.000000, 3, -0.023154, 0.000000, -0.265596, 0.019774, -0.004874, 0.018959
100.000000, 4, -0.023154, 0.000000, -0.207958, 0.031022, -0.007837, 0.018959
100.000000, 5, -0.023154, 0.000000, -0.161685, 0.044390, -0.011585, 0.018959
100.000000, 6, -0.023154, 0.000000, -0.124537, 0.059133, -0.015923, 0.018959
100.000000, 7, -0.023154, 0.000000, -0.094713, 0.074522, -0.020480, 0.018959
100.000000, 8, -0.023154, 0.000000, -0.070771, 0.089224, -0.024878, 0.018959
100.000000, 9, -0.023154, 0.000000, -0.051549, 0.101807, -0.029029, 0.018959
100.000000, 10, -0.023154, 0.000000, -0.036118, 0.111816, -0.033205, 0.018959
100.000000, 11, -0.023154, 0.000000, -0.023729, 0.120027, -0.037675, 0.018959
100.000000, 12, -0.023154, 0.000000, -0.013783, 0.127529, -0.042231, 0.018959
100.000000, 13, -0.023154, 0.000000, -0.005798, 0.134824, -0.046330, 0.018959
100.000000, 14, -0.023154, 0.000000, 0.000612, 0.141610, -0.049602, 0.018959
100.000000, 15, -0.023154, 0.000000, 0.005758, 0.147421, -0.052058, 0.018959
100.000000, 16, -0.023154, 0.000000, 0.009889, 0.152055, -0.053919, 0.018959
100.000000, 17, -0.023154, 0.000000, 0.013206, 0.155597, -0.055408, 0.018959
100.000000, 18, -0.023154, 0.000000, 0.015869, 0.158245, -0.056653, 0.018959
100.000000, 19, -0.023154, 0.000000, 0.018007, 0.160250, -0.057714, 0.018959
100.000000, 0, -0.020067, 0.000000, -0.538196, 0.003017, -0.000315, 0.019116
100.000000, 1, -0.020067, 0.000000, -0.426774, 0.005838, -0.001136, 0.019116
100.000000, 2, -0.020067, 0.000000, -0.337323, 0.011382, -0.002445, 0.019116
100.000000, 3, -0.020067, 0.000000, -0.265511, 0.019903, -0.004398, 0.019116
100.000000, 4, -0.020067, 0.000000, -0.207858, 0.031237, -0.007095, 0.019116
100.000000, 5, -0.020067, 0.000000, -0.161574, 0.044716, -0.010531, 0.019116
100.000000, 6, -0.020067, 0.000000, -0.124416, 0.059591, -0.014537, 0.019116
100.000000, 7, -0.020067, 0.000000, -0.094585, 0.075117, -0.018767, 0.019116
100.000000, 8, -0.020067, 0.000000, -0.070636, 0.089970, -0.022846, 0.019116
100.000000, 9, -0.020067, 0.000000, -0.051409, 0.102706, -0.026685, 0.019116
100.000000, 10, -0.020067, 0.000000, -0.035974, 0.112871, -0.030585, 0.019116
100.000000, 11, -0.020067, 0.000000, -0.023582, 0.121232, -0.034844, 0.019116
100.000000, 12, -0.020067, 0.000000, -0.013634, 0.128867, -0.039258, 0.019116
100.000000, 13, -0.020067, 0.000000, -0.005647, 0.136275, -0.043257, 0.019116
100.000000, 14, -0.020067, 0.000000, 0.000765, 0.143159, -0.046442, 0.019116
100.000000, 15, -0.020067, 0.000000, 0.005912, 0.149051, -0.048814, 0.019116
100.000000, 16, -0.020067, 0.000000, 0.010045, 0.153752, -0.050601, 0.019116
100.000000, 17, -0.020067, 0.000000, 0.013362, 0.157357, -0.052028, 0.019116
100.000000, 18, -0.020067, 0.000000, 0.016026, 0.160058, -0.053227, 0.019116
100.000000, 19, -0.020067, 0.000000, 0.018164, 0.162112, -0.054253, 0.019116
100.000000, 0, -0.016980, 0.000000, -0.538181, 0.003032, -0.000278, 0.019262
100.000000, 1, -0.016980, 0.000000, -0.426734, 0.005868, -0.001008, 0.019262
100.000000, 2, -0.016980, 0.000000, -0.337262, 0.011445, -0.002175, 0.019262
100.000000, 3, -0.016980, 0.000000, -0.265432, 0.020020, -0.003919, 0.019262
100.000000, 4, -0.016980, 0.000000, -0.207766, 0.031433, -0.006346, 0.019262
100.000000, 5, -0.016980, 0.000000, -0.161471, 0.045015, -0.009468, 0.019262
100.000000, 6, -0.016980, 0.000000, -0.124304, 0.060014, -0.013137, 0.019262
100.000000, 7, -0.016980, 0.000000, -0.094466, 0.075669, -0.017035, 0.019262
100.000000, 8, -0.016980, 0.000000, -0.070512, 0.090664, -0.020789, 0.019262
100.000000, 9, -0.016980, 0.000000, -0.051281, 0.103550, -0.024309, 0.019262
100.000000, 10, -0.016980, 0.000000, -0.035842, 0.113868, -0.027925, 0.019262
100.000000, 11, -0.016980, 0.000000, -0.023447, 0.122377, -0.031968, 0.019262
100.000000, 12, -0.016980, 0.000000, -0.013496, 0.130145, -0.036237, 0.019262
100.000000, 13, -0.016980, 0.000000, -0.005508, 0.137664, -0.040133, 0.019262
100.000000, 14, -0.016980, 0.000000, 0.000906, 0.144644, -0.043227, 0.019262
100.000000, 15, -0.016980, 0.000000, 0.006054, 0.150617, -0.045511, 0.019262
100.000000, 16, -0.016980, 0.000000, 0.010188, 0.155388, -0.047218, 0.019262
100.000000, 17, -0.016980, 0.000000, 0.013506, 0.159057, -0.048577, 0.019262
100.000000, 18, -0.016980, 0.000000, 0.016170, 0.161814, -0.049724, 0.019262
100.000000, 19, -0.016980, 0.000000, 0.018309, 0.163917, -0.050709, 0.019262
100.000000, 0, -0.013893, 0.000000, -0.538168, 0.003045, -0.000242, 0.019395
100.000000, 1, -0.013893, 0.000000, -0.426697, 0.005895, -0.000880, 0.019395
100.000000, 2, -0.013893, 0.000000, -0.337205, 0.011501, -0.001903, 0.019395
100.000000, 3, -0.013893, 0.000000, -0.265360, 0.020124, -0.003436, 0.019395
100.000000, 4, -0.013893, 0.000000, -0.207682, 0.031608, -0.005592, 0.019395
100.000000, 5, -0.013893, 0.000000, -0.161376, 0.045286, -0.008395, 0.019395
100.000000, 6, -0.013893, 0.000000, -0.124202, 0.060400, -0.011723, 0.019395
100.000000, 7, -0.013893, 0.000000, -0.094357, 0.076175, -0.015285, 0.019395
100.000000, 8, -0.013893, 0.000000, -0.070398, 0.091306, -0.018708, 0.019395
100.000000, 9, -0.013893, 0.000000, -0.051163, 0.104337, -0.021901, 0.019395
100.000000, 10, -0.013893, 0.000000, -0.035720, 0.114808, -0.025225, 0.019395
100.000000, 11, -0.013893, 0.000000, -0.023323, 0.123462, -0.029046, 0.019395
100.000000, 12, -0.013893, 0.000000, -0.013370, 0.131361, -0.033167, 0.019395
100.000000, 13, -0.013893, 0.000000, -0.005380, 0.138988, -0.036959, 0.019395
100.000000, 14, -0.013893, 0.000000, 0.001035, 0.146061, -0.039958, 0.019395
100.000000, 15, -0.013893, 0.000000, 0.006185, 0.152114, -0.042149, 0.019395
100.000000, 16, -0.013893, 0.000000, 0.010319, 0.156957, -0.043768, 0.019395
100.000000, 17, -0.013893, 0.000000, 0.013638, 0.160692, -0.045054, 0.019395
100.000000, 18, -0.013893, 0.000000, 0.016303, 0.163505, -0.046142, 0.019395
100.000000, 19, -0.013893, 0.000000, 0.018442, 0.165657, -0.047081, 0.019395
100.000000, 0, -0.010805, 0.000000, -0.538156, 0.003056, -0.000205, 0.019515
100.000000, 1, -0.010805, 0.000000, -0.426663, 0.005918, -0.000751, 0.019515
100.000000, 2, -0.010805, 0.000000, -0.337154, 0.011549, -0.001629, 0.019515
100.000000, 3, -0.010805, 0.000000, -0.265295, 0.020216, -0.002950, 0.019515
100.000000, 4, -0.010805, 0.000000, -0.207605, 0.031764, -0.004832, 0.019515
100.000000, 5, -0.010805, 0.000000, -0.161291, 0.045529, -0.007313, 0.019515
100.000000, 6, -0.010805, 0.000000, -0.124109, 0.060748, -0.010297, 0.019515
100.000000, 7, -0.010805, 0.000000, -0.094259, 0.076636, -0.013518, 0.019515
100.000000, 8, -0.010805, 0.000000, -0.070295, 0.091893, -0.016605, 0.019515
100.000000, 9, -0.010805, 0.000000, -0.051056, 0.105067, -0.019462, 0.019515
100.000000, 10, -0.010805, 0.000000, -0.035611, 0.115689, -0.022486, 0.019515
100.000000, 11, -0.010805, 0.000000, -0.023211, 0.124487, -0.026079, 0.019515
100.000000, 12, -0.010805, 0.000000, -0.013256, 0.132513, -0.030051, 0.019515
100.000000, 13, -0.010805, 0.000000, -0.005264, 0.140244, -0.033736, 0.019515
100.000000, 14, -0.010805, 0.000000, 0.001152, 0.147407, -0.036637, 0.019515
100.000000, 15, -0.010805, 0.000000, 0.006303, 0.153538, -0.038727, 0.019515
100.000000, 16, -0.010805, 0.000000, 0.010438, 0.158453, -0.040252, 0.019515
100.000000, 17, -0.010805, 0.000000, 0.013758, 0.162254, -0.041457, 0.019515
100.000000, 18, -0.010805, 0.000000, 0.016423, 0.165125, -0.042478, 0.019515
100.000000, 19, -0.010805, 0.000000, 0.018562, 0.167328, -0.043367, 0.019515
100.000000, 0, -0.007718, 0.000000, -0.538145, 0.003066, -0.000168, 0.019623
100.000000, 1, -0.007718, 0.000000, -0.426633, 0.005937, -0.000622, 0.019623
100.000000, 2, -0.007718, 0.000000, -0.337109, 0.011591, -0.001354, 0.019623
100.000000, 3, -0.007718, 0.000000, -0.265237, 0.020295, -0.002462, 0.019623
100.000000, 4, -0.007718, 0.000000, -0.207537, 0.031900, -0.004067, 0.019623
100.000000, 5, -0.007718, 0.000000, -0.161215, 0.045744, -0.006224, 0.019623
100.000000, 6, -0.007718, 0.000000, -0.124027, 0.061059, -0.008858, 0.019623
100.000000, 7, -0.007718, 0.000000, -0.094171, 0.077049, -0.011735, 0.019623
100.000000, 8, -0.007718, 0.000000, -0.070203, 0.092424, -0.014479, 0.019623
100.000000, 9, -0.007718, 0.000000, -0.050961, 0.105738, -0.016993, 0.019623
100.000000, 10, -0.007718, 0.000000, -0.035513, 0.116510, -0.019707, 0.019623
100.000000, 11, -0.007718, 0.000000, -0.023111, 0.125450, -0.023069, 0.019623
100.000000, 12, -0.007718, 0.000000, -0.013154, 0.133599, -0.026889, 0.019623
100.000000, 13, -0.007718, 0.000000, -0.005161, 0.141429, -0.030467, 0.019623
100.000000, 14, -0.007718, 0.000000, 0.001256, 0.148676, -0.033265, 0.019623
100.000000, 15, -0.007718, 0.000000, 0.006408, 0.154884, -0.035248, 0.019623
100.000000, 16, -0.007718, 0.000000, 0.010544, 0.159869, -0.036668, 0.019623
100.000000, 17, -0.007718, 0.000000, 0.013864, 0.163736, -0.037783, 0.019623
100.000000, 18, -0.007718, 0.000000, 0.016530, 0.166667, -0.038731, 0.019623
100.000000, 19, -0.007718, 0.000000, 0.018670, 0.168920, -0.039561, 0.019623
100.000000, 0, -0.004631, 0.000000, -0.538136, 0.003073, -0.000131, 0.019717
100.000000, 1, -0.004631, 0.000000, -0.426607, 0.005953, -0.000492, 0.019717
100.000000, 2, -0.004631, 0.000000, -0.337069, 0.011625, -0.001077, 0.019717
100.000000, 3, -0.004631, 0.000000, -0.265186, 0.020361, -0.001971, 0.019717
100.000000, 4, -0.004631, 0.000000, -0.207478, 0.032016, -0.003299, 0.019717
100.000000, 5, -0.004631, 0.000000, -0.161149, 0.045930, -0.005127, 0.019717
100.000000, 6, -0.004631, 0.000000, -0.123955, 0.061331, -0.007410, 0.019717
100.000000, 7, -0.004631, 0.000000, -0.094095, 0.077414, -0.009938, 0.019717
100.000000, 8, -0.004631, 0.000000, -0.070123, 0.092898, -0.012333, 0.019717
100.000000, 9, -0.004631, 0.000000, -0.050878, 0.106348, -0.014493, 0.019717
100.000000, 10, -0.004631, 0.000000, -0.035427, 0.117271, -0.016889, 0.019717
100.000000, 11, -0.004631, 0.000000, -0.023023, 0.126350, -0.020015, 0.019717
100.000000, 12, -0.004631, 0.000000, -0.013065, 0.134618, -0.023684, 0.019717
100.000000, 13, -0.004631, 0.000000, -0.005071, 0.142540, -0.027154, 0.019717
100.000000, 14, -0.004631, 0.000000, 0.001347, 0.149865, -0.029846, 0.019717
100.000000, 15, -0.004631, 0.000000, 0.006500, 0.156144, -0.031713, 0.019717
100.000000, 16, -0.004631, 0.000000, 0.010636, 0.161197, -0.033019, 0.019717
100.000000, 17, -0.004631, 0.000000, 0.013957, 0.165131, -0.034034, 0.019717
100.000000, 18, -0.004631, 0.000000, 0.016623, 0.168123, -0.034901, 0.019717
100.000000, 19, -0.004631, 0.000000, 0.018763, 0.170425, -0.035666, 0.019717
100.000000, 0, -0.001544, 0.000000, -0.538128, 0.003079, -0.000094, 0.019797
100.000000, 1, -0.001544, 0.000000, -0.426584, 0.005964, -0.000361, 0.019797
100.000000, 2, -0.001544, 0.000000, -0.337035, 0.011652, -0.000800, 0.019797
100.000000, 3, -0.001544, 0.000000, -0.265143, 0.020414, -0.001478, 0.019797
100.000000, 4, -0.001544, 0.000000, -0.207427, 0.032110, -0.002526, 0.019797
100.000000, 5, -0.001544, 0.000000, -0.161092, 0.046087, -0.004024, 0.019797
100.000000, 6, -0.001544, 0.000000, -0.123893, 0.061564, -0.005952, 0.019797
100.000000, 7, -0.001544, 0.000000, -0.094029, 0.077730, -0.008128, 0.019797
100.000000, 8, -0.001544, 0.000000, -0.070054, 0.093312, -0.010167, 0.019797
100.000000, 9, -0.001544, 0.000000, -0.050807, 0.106895, -0.011964, 0.019797
100.000000, 10, -0.001544, 0.000000, -0.035354, 0.117969, -0.014033, 0.019797
100.000000, 11, -0.001544, 0.000000, -0.022949, 0.127185, -0.016919, 0.019797
100.000000, 12, -0.001544, 0.000000, -0.012990, 0.135567, -0.020439, 0.019797
100.000000, 13, -0.001544, 0.000000, -0.004994, 0.143572, -0.023802, 0.019797
100.000000, 14, -0.001544, 0.000000, 0.001425, 0.150967, -0.026384, 0.019797
100.000000, 15, -0.001544, 0.000000, 0.006578, 0.157310, -0.028126, 0.019797
100.000000, 16, -0.001544, 0.000000, 0.010715, 0.162430, -0.029308, 0.019797
100.000000, 17, -0.001544, 0.000000, 0.014036, 0.166430, -0.030213, 0.019797
100.000000, 18, -0.001544, 0.000000, 0.016703, 0.169483, -0.030989, 0.019797
100.000000, 19, -0.001544, 0.000000, 0.018843, 0.171834, -0.031682, 0.019797
100.000000, 0, 0.001544, 0.000000, -0.538121, 0.003082, -0.000057, 0.019863
100.000000, 1, 0.001544, 0.000000, -0.426566, 0.005973, -0.000231, 0.019863
100.000000, 2, 0.001544, 0.000000, -0.337007, 0.011672, -0.000522, 0.019863
100.000000, 3, 0.001544, 0.000000, -0.265108, 0.020454, -0.000984, 0.019863
100.000000, 4, 0.001544, 0.000000, -0.207386, 0.032184, -0.001751, 0.019863
100.000000, 5, 0.001544, 0.000000, -0.161045, 0.046215, -0.002915, 0.019863
100.000000, 6, 0.001544, 0.000000, -0.123843, 0.061759, -0.004485, 0.019863
100.000000, 7, 0.001544, 0.000000, -0.093976, 0.077998, -0.006306, 0.019863
100.000000, 8, 0.001544, 0.000000, -0.069998, 0.093669, -0.007982, 0.019863
100.000000, 9, 0.001544, 0.000000, -0.050748, 0.107378, -0.009405, 0.019863
100.000000, 10, 0.001544, 0.000000, -0.035294, 0.118600, -0.011137, 0.019863
100.000000, 11, 0.001544, 0.000000, -0.022888, 0.127947, -0.013781, 0.019863
100.000000, 12, 0.001544, 0.000000, -0.012927, 0.136438, -0.017155, 0.019863
100.000000, 13, 0.001544, 0.000000, -0.004931, 0.144522, -0.020415, 0.019863
100.000000, 14, 0.001544, 0.000000, 0.001489, 0.151978, -0.022882, 0.019863
100.000000, 15, 0.001544, 0.000000, 0.006642, 0.158380, -0.024490, 0.019863
100.000000, 16, 0.001544, 0.000000, 0.010780, 0.163566, -0.025538, 0.019863
100.000000, 17, 0.001544, 0.000000, 0.014102, 0.167629, -0.026322, 0.019863
100.000000, 18, 0.001544, 0.000000, 0.016768, 0.170739, -0.026999, 0.019863
100.000000, 19, 0.001544, 0.000000, 0.018909, 0.173138, -0.027613, 0.019863
100.000000, 0, 0.004631, 0.000000, -0.538116, 0.003084, -0.000019, 0.019914
100.000000, 1, 0.004631, 0.000000, -0.426551, 0.005977, -0.000100, 0.019914
100.000000, 2, 0.004631, 0.000000, -0.336985, 0.011685, -0.000242, 0.019914
100.000000, 3, 0.004631, 0.000000, -0.265080, 0.020481, -0.000488, 0.019914
100.000000, 4, 0.004631, 0.000000, -0.207353, 0.032237, -0.000973, 0.019914
100.000000, 5, 0.004631, 0.000000, -0.161009, 0.046313, -0.001802, 0.019914
100.000000, 6, 0.004631, 0.000000, -0.123803, 0.061914, -0.003012, 0.019914
100.000000, 7, 0.004631, 0.000000, -0.093934, 0.078217, -0.004474, 0.019914
100.000000, 8, 0.004631, 0.000000, -0.069954, 0.093968, -0.005781, 0.019914
100.000000, 9, 0.004631, 0.000000, -0.050703, 0.107798, -0.006818, 0.019914
100.000000, 10, 0.004631, 0.000000, -0.035247, 0.119163, -0.008203, 0.019914
100.000000, 11, 0.004631, 0.000000, -0.022840, 0.128637, -0.010602, 0.019914
100.000000, 12, 0.004631, 0.000000, -0.012878, 0.137232, -0.013835, 0.019914
100.000000, 13, 0.004631, 0.000000, -0.004881, 0.145386, -0.016994, 0.019914
100.000000, 14, 0.004631, 0.000000, 0.001539, 0.152896, -0.019344, 0.019914
100.000000, 15, 0.004631, 0.000000, 0.006693, 0.159354, -0.020810, 0.019914
100.000000, 16, 0.004631, 0.000000, 0.010831, 0.164600, -0.021712, 0.019914
100.000000, 17, 0.004631, 0.000000, 0.014153, 0.168724, -0.022366, 0.019914
100.000000, 18, 0.004631, 0.000000, 0.016820, 0.171891, -0.022935, 0.019914
100.000000, 19, 0.004631, 0.000000, 0.018961, 0.174336, -0.023466, 0.019914
100.000000, 0, 0.007718, 0.000000, -0.538113, 0.003085, 0.000018, 0.019951
100.000000, 1, 0.007718, 0.000000, -0.426541, 0.005978, 0.000031, 0.019951
100.000000, 2, 0.007718, 0.000000, -0.336969, 0.011690, 0.000037, 0.019951
100.000000, 3, 0.007718, 0.000000, -0.265060, 0.020496, 0.000009, 0.019951
100.000000, 4, 0.007718, 0.000000, -0.207330, 0.032269, -0.000194, 0.019951
100.000000, 5, 0.007718, 0.000000, -0.160983, 0.046380, -0.000684, 0.019951
100.000000, 6, 0.007718, 0.000000, -0.123775, 0.062029, -0.001533, 0.019951
100.000000, 7, 0.007718, 0.000000, -0.093904, 0.078384, -0.002634, 0.019951
100.000000, 8, 0.007718, 0.000000, -0.069922, 0.094204, -0.003565, 0.019951
100.000000, 9, 0.007718, 0.000000, -0.050670, 0.108149, -0.004206, 0.019951
100.000000, 10, 0.007718, 0.000000, -0.035214, 0.119653, -0.005232, 0.019951
100.000000, 11, 0.007718, 0.000000, -0.022805, 0.129248, -0.007384, 0.019951
100.000000, 12, 0.007718, 0.000000, -0.012844, 0.137942, -0.010482, 0.019951
100.000000, 13, 0.007718, 0.000000, -0.004846, 0.146156, -0.013544, 0.019951
100.000000, 14, 0.007718, 0.000000, 0.001574, 0.153711, -0.015772, 0.019951
100.000000, 15, 0.007718, 0.000000, 0.006729, 0.160217, -0.017088, 0.019951
100.000000, 16, 0.007718, 0.000000, 0.010867, 0.165520, -0.017834, 0.019951
100.000000, 17, 0.007718, 0.000000, 0.014189, 0.169702, -0.018348, 0.019951
100.000000, 18, 0.007718, 0.000000, 0.016856, 0.172927, -0.018804, 0.019951
100.000000, 19, 0.007718, 0.000000, 0.018997, 0.175419, -0.019247, 0.019951
100.000000, 0, 0.010805, 0.000000, -0.538110, 0.003083, 0.000055, 0.019973
100.000000, 1, 0.010805, 0.000000, -0.426535, 0.005976, 0.000163, 0.019973
100.000000, 2, 0.010805, 0.000000, -0.336960, 0.011688, 0.000317, 0.019973
100.000000, 3, 0.010805, 0.000000, -0.265048, 0.020497, 0.000506, 0.019973
100.000000, 4, 0.010805, 0.000000, -0.207316, 0.032279, 0.000587, 0.019973
100.000000, 5, 0.010805, 0.000000, -0.160967, 0.046416, 0.000436, 0.019973
100.000000, 6, 0.010805, 0.000000, -0.123758, 0.062103, -0.000050, 0.019973
100.000000, 7, 0.010805, 0.000000, -0.093886, 0.078499, -0.000788, 0.019973
100.000000, 8, 0.010805, 0.000000, -0.069904, 0.094378, -0.001339, 0.019973
100.000000, 9, 0.010805, 0.000000, -0.050651, 0.108431, -0.001572, 0.019973
100.000000, 10, 0.010805, 0.000000, -0.035194, 0.120067, -0.002225, 0.019973
100.000000, 11, 0.010805, 0.000000, -0.022785, 0.129780, -0.004129, 0.019973
100.000000, 12, 0.010805, 0.000000, -0.012823, 0.138565, -0.007100, 0.019973
100.000000, 13, 0.010805, 0.000000, -0.004825, 0.146829, -0.010067, 0.019973
100.000000, 14, 0.010805, 0.000000, 0.001595, 0.154420, -0.012170, 0.019973
100.000000, 15, 0.010805, 0.000000, 0.006750, 0.160968, -0.013326, 0.019973
100.000000, 16, 0.010805, 0.000000, 0.010888, 0.166324, -0.013906, 0.019973
100.000000, 17, 0.010805, 0.000000, 0.014211, 0.170562, -0.014272, 0.019973
100.000000, 18, 0.010805, 0.000000, 0.016878, 0.173842, -0.014607, 0.019973
100.000000, 19, 0.010805, 0.000000, 0.019019, 0.176379, -0.014955, 0.019973
100.000000, 0, 0.013893, 0.000000, -0.538110, 0.003080, 0.000092, 0.019980
100.000000, 1, 0.013893, 0.000000, -0.426533, 0.005969, 0.000293, 0.019980
100.000000, 2, 0.013893, 0.000000, -0.336957, 0.011679, 0.000597, 0.019980
100.000000, 3, 0.013893, 0.000000, -0.265044, 0.020485, 0.001003, 0.019980
100.000000, 4, 0.013893, 0.000000, -0.207311, 0.032269, 0.001368, 0.019980
100.000000, 5, 0.013893, 0.000000, -0.160962, 0.046425, 0.001558, 0.019980
100.000000, 6, 0.013893, 0.000000, -0.123752, 0.062138, 0.001436, 0.019980
100.000000, 7, 0.013893, 0.000000, -0.093880, 0.078566, 0.001060, 0.019980
100.000000, 8, 0.013893, 0.000000, -0.069898, 0.094496, 0.000895, 0.019980
100.000000, 9, 0.013893, 0.000000, -0.050644, 0.108652, 0.001085, 0.019980
100.000000, 10, 0.013893, 0.000000, -0.035187, 0.120420, 0.000814, 0.019980
100.000000, 11, 0.013893, 0.000000, -0.022778, 0.130249, -0.000844, 0.019980
100.000000, 12, 0.013893, 0.000000, -0.012816, 0.139116, -0.003693, 0.019980
100.000000, 13, 0.013893, 0.000000, -0.004818, 0.147418, -0.006568, 0.019980
100.000000, 14, 0.013893, 0.000000, 0.001603, 0.155035, -0.008541, 0.019980
100.000000, 15, 0.013893, 0.000000, 0.006757, 0.161621, -0.009529, 0.019980
100.000000, 16, 0.013893, 0.000000, 0.010896, 0.167026, -0.009933, 0.019980
100.000000, 17, 0.013893, 0.000000, 0.014218, 0.171318, -0.010143, 0.019980
100.000000, 18, 0.013893, 0.000000, 0.016885, 0.174646, -0.010352, 0.019980
100.000000, 19, 0.013893, 0.000000, 0.019026, 0.177222, -0.010599, 0.019980
100.000000, 0, 0.016980, 0.000000, -0.538110, 0.003075, 0.000129, 0.019973
100.000000, 1, 0.016980, 0.000000, -0.426535, 0.005959, 0.000424, 0.019973
100.000000, 2, 0.016980, 0.000000, -0.336960, 0.011663, 0.000877, 0.019973
100.000000, 3, 0.016980, 0.000000, -0.265048, 0.020460, 0.001499, 0.019973
100.000000, 4, 0.016980, 0.000000, -0.207315, 0.032237, 0.002150, 0.019973
100.000000, 5, 0.016980, 0.000000, -0.160967, 0.046404, 0.002682, 0.019973
100.000000, 6, 0.016980, 0.000000, -0.123758, 0.062133, 0.002924, 0.019973
100.000000, 7, 0.016980, 0.000000, -0.093885, 0.078578, 0.002912, 0.019973
100.000000, 8, 0.016980, 0.000000, -0.069903, 0.094548, 0.003140, 0.019973
100.000000, 9, 0.016980, 0.000000, -0.050650, 0.108804, 0.003764, 0.019973
100.000000, 10, 0.016980, 0.000000, -0.035193, 0.120703, 0.003883, 0.019973
100.000000, 11, 0.016980, 0.000000, -0.022785, 0.130646, 0.002467, 0.019973
100.000000, 12, 0.016980, 0.000000, -0.012822, 0.139579, -0.000267, 0.019973
100.000000, 13, 0.016980, 0.000000, -0.004825, 0.147903, -0.003050, 0.019973
100.000000, 14, 0.016980, 0.000000, 0.001596, 0.155535, -0.004888, 0.019973
100.000000, 15, 0.016980, 0.000000, 0.006751, 0.162156, -0.005699, 0.019973
100.000000, 16, 0.016980, 0.000000, 0.010889, 0.167607, -0.005918, 0.019973
100.000000, 17, 0.016980, 0.000000, 0.014211, 0.171951, -0.005966, 0.019973
100.000000, 18, 0.016980, 0.000000, 0.016878, 0.175328, -0.006046, 0.019973
100.000000, 19, 0.016980, 0.000000, 0.019020, 0.177943, -0.006199, 0.019973
100.000000, 0, 0.020067, 0.000000, -0.538113, 0.003068, 0.000166, 0.019950
100.000000, 1, 0.020067, 0.000000, -0.426541, 0.005945, 0.000554, 0.019950
100.000000, 2, 0.020067, 0.000000, -0.336970, 0.011640, 0.001156, 0.019950
100.000000, 3, 0.020067, 0.000000, -0.265060, 0.020421, 0.001995, 0.019950
100.000000, 4, 0.020067, 0.000000, -0.207330, 0.032184, 0.002930, 0.019950
100.000000, 5, 0.020067, 0.000000, -0.160983, 0.046350, 0.003807, 0.019950
100.000000, 6, 0.020067, 0.000000, -0.123775, 0.062082, 0.004412, 0.019950
100.000000, 7, 0.020067, 0.000000, -0.093904, 0.078531, 0.004766, 0.019950
100.000000, 8, 0.020067, 0.000000, -0.069923, 0.094531, 0.005394, 0.019950
100.000000, 9, 0.020067, 0.000000, -0.050671, 0.108879, 0.006464, 0.019950
100.000000, 10, 0.020067, 0.000000, -0.035214, 0.120911, 0.006978, 0.019950
100.000000, 11, 0.020067, 0.000000, -0.022806, 0.130962, 0.005799, 0.019950
100.000000, 12, 0.020067, 0.000000, -0.012844, 0.139942, 0.003174, 0.019950
100.000000, 13, 0.020067, 0.000000, -0.004847, 0.148271, 0.000480, 0.019950
100.000000, 14, 0.020067, 0.000000, 0.001574, 0.155909, -0.001219, 0.019950
100.000000, 15, 0.020067, 0.000000, 0.006728, 0.162559, -0.001841, 0.019950
100.000000, 16, 0.020067, 0.000000, 0.010866, 0.168055, -0.001864, 0.019950
100.000000, 17, 0.020067, 0.000000, 0.014188, 0.172451, -0.001739, 0.019950
100.000000, 18, 0.020067, 0.000000, 0.016855, 0.175877, -0.001684, 0.019950
100.000000, 19, 0.020067, 0.000000, 0.018997, 0.178537, -0.001734, 0.019950
100.000000, 0, 0.023154, 0.000000, -0.538116, 0.003059, 0.000202, 0.019913
100.000000, 1, 0.023154, 0.000000, -0.426552, 0.005928, 0.000684, 0.019913
100.000000, 2, 0.023154, 0.000000, -0.336986, 0.011609, 0.001434, 0.019913
100.000000, 3, 0.023154, 0.000000, -0.265080, 0.020369, 0.002490, 0.019913
100.000000, 4, 0.023154, 0.000000, -0.207354, 0.032109, 0.003710, 0.019913
100.000000, 5, 0.023154, 0.000000, -0.161010, 0.046267, 0.004931, 0.019913
100.000000, 6, 0.023154, 0.000000, -0.123804, 0.061991, 0.005900, 0.019913
100.000000, 7, 0.023154, 0.000000, -0.093935, 0.078431, 0.006619, 0.019913
100.000000, 8, 0.023154, 0.000000, -0.069955, 0.094453, 0.007655, 0.019913
100.000000, 9, 0.023154, 0.000000, -0.050704, 0.108892, 0.009184, 0.019913
100.000000, 10, 0.023154, 0.000000, -0.035249, 0.121058, 0.010098, 0.019913
100.000000, 11, 0.023154, 0.000000, -0.022841, 0.131206, 0.009153, 0.019913
100.000000, 12, 0.023154, 0.000000, -0.012880, 0.140212, 0.006625, 0.019913
100.000000, 13, 0.023154, 0.000000, -0.004883, 0.148534, 0.004014, 0.019913
100.000000, 14, 0.023154, 0.000000, 0.001537, 0.156170, 0.002462, 0.019913
100.000000, 15, 0.023154, 0.000000, 0.006691, 0.162847, 0.002041, 0.019913
100.000000, 16, 0.023154, 0.000000, 0.010829, 0.168386, 0.002229, 0.019913
100.000000, 17, 0.023154, 0.000000, 0.014151, 0.172832, 0.002534, 0.019913
100.000000, 18, 0.023154, 0.000000, 0.016818, 0.176306, 0.002728, 0.019913
100.000000, 19, 0.023154, 0.000000, 0.018959, 0.179008, 0.002783, 0.019913
100.000000, 0, 0.026242, 0.000000, -0.538122, 0.003049, 0.000239, 0.019861
100.000000, 1, 0.026242, 0.000000, -0.426566, 0.005906, 0.000814, 0.019861
100.000000, 2, 0.026242, 0.000000, -0.337008, 0.011571, 0.001712, 0.019861
100.000000, 3, 0.026242, 0.000000, -0.265109, 0.020304, 0.002983, 0.019861
100.000000, 4, 0.026242, 0.000000, -0.207387, 0.032014, 0.004487, 0.019861
100.000000, 5, 0.026242, 0.000000, -0.161047, 0.046154, 0.006054, 0.019861
100.000000, 6, 0.026242, 0.000000, -0.123844, 0.061857, 0.007385, 0.019861
100.000000, 7, 0.026242, 0.000000, -0.093977, 0.078274, 0.008470, 0.019861
100.000000, 8, 0.026242, 0.000000, -0.070000, 0.094311, 0.009923, 0.019861
100.000000, 9, 0.026242, 0.000000, -0.050750, 0.108841, 0.011922, 0.019861
100.000000, 10, 0.026242, 0.000000, -0.035296, 0.121139, 0.013243, 0.019861
100.000000, 11, 0.026242, 0.000000, -0.022889, 0.131373, 0.012524, 0.019861
100.000000, 12, 0.026242, 0.000000, -0.012929, 0.140384, 0.010080, 0.019861
100.000000, 13, 0.026242, 0.000000, -0.004933, 0.148680, 0.007546, 0.019861
100.000000, 14, 0.026242, 0.000000, 0.001487, 0.156310, 0.006147, 0.019861
100.000000, 15, 0.026242, 0.000000, 0.006641, 0.163011, 0.005944, 0.019861
100.000000, 16, 0.026242, 0.000000, 0.010778, 0.168595, 0.006357, 0.019861
100.000000, 17, 0.026242, 0.000000, 0.014100, 0.173094, 0.006852, 0.019861
100.000000, 18, 0.026242, 0.000000, 0.016766, 0.176617, 0.007191, 0.019861
100.000000, 19, 0.026242, 0.000000, 0.018907, 0.179360, 0.007353, 0.019861
100.000000, 0, 0.029329, 0.000000, -0.538128, 0.003036, 0.000275, 0.019794
100.000000, 1, 0.029329, 0.000000, -0.426585, 0.005882, 0.000943, 0.019794
100.000000, 2, 0.029329, 0.000000, -0.337036, 0.011526, 0.001989, 0.019794
100.000000, 3, 0.029329, 0.000000, -0.265144, 0.020225, 0.003474, 0.019794
100.000000, 4, 0.029329, 0.000000, -0.207429, 0.031898, 0.005263, 0.019794
100.000000, 5, 0.029329, 0.000000, -0.161094, 0.046010, 0.007175, 0.019794
100.000000, 6, 0.029329, 0.000000, -0.123895, 0.061680, 0.008866, 0.019794
100.000000, 7, 0.029329, 0.000000, -0.094031, 0.078060, 0.010318, 0.019794
100.000000, 8, 0.029329, 0.000000, -0.070056, 0.094105, 0.012195, 0.019794
100.000000, 9, 0.029329, 0.000000, -0.050809, 0.108727, 0.014677, 0.019794
100.000000, 10, 0.029329, 0.000000, -0.035357, 0.121154, 0.016413, 0.019794
100.000000, 11, 0.029329, 0.000000, -0.022951, 0.131456, 0.015908, 0.019794
100.000000, 12, 0.029329, 0.000000, -0.012992, 0.140450, 0.013529, 0.019794
100.000000, 13, 0.029329, 0.000000, -0.004997, 0.148706, 0.011065, 0.019794
100.000000, 14, 0.029329, 0.000000, 0.001422, 0.156322, 0.009831, 0.019794
100.000000, 15, 0.029329, 0.000000, 0.006576, 0.163050, 0.009868, 0.019794
100.000000, 16, 0.029329, 0.000000, 0.010713, 0.168679, 0.010522, 0.019794
100.000000, 17, 0.029329, 0.000000, 0.014034, 0.173232, 0.011216, 0.019794
100.000000, 18, 0.029329, 0.000000, 0.016700, 0.176805, 0.011703, 0.019794
100.000000, 19, 0.029329, 0.000000, 0.018841, 0.179589, 0.011974, 0.019794
100.000000, 0, 0.032416, 0.000000, -0.538136, 0.003022, 0.000312, 0.019713
100.000000, 1, 0.032416, 0.000000, -0.426607, 0.005853, 0.001071, 0.019713
100.000000, 2, 0.032416, 0.000000, -0.337070, 0.011473, 0.002264, 0.019713
100.000000, 3, 0.032416, 0.000000, -0.265188, 0.020133, 0.003962, 0.019713
100.000000, 4, 0.032416, 0.000000, -0.207480, 0.031762, 0.006035, 0.019713
100.000000, 5, 0.032416, 0.000000, -0.161151, 0.045837, 0.008292, 0.019713
100.000000, 6, 0.032416, 0.000000, -0.123957, 0.061460, 0.010341, 0.019713
100.000000, 7, 0.032416, 0.000000, -0.094098, 0.077790, 0.012160, 0.019713
100.000000, 8, 0.032416, 0.000000, -0.070126, 0.093839, 0.014471, 0.019713
100.000000, 9, 0.032416, 0.000000, -0.050881, 0.108552, 0.017450, 0.019713
100.000000, 10, 0.032416, 0.000000, -0.035430, 0.121105, 0.019605, 0.019713
100.000000, 11, 0.032416, 0.000000, -0.023027, 0.131458, 0.019300, 0.019713
100.000000, 12, 0.032416, 0.000000, -0.013069, 0.140409, 0.016963, 0.019713
100.000000, 13, 0.032416, 0.000000, -0.005074, 0.148611, 0.014564, 0.019713
100.000000, 14, 0.032416, 0.000000, 0.001344, 0.156204, 0.013512, 0.019713
100.000000, 15, 0.032416, 0.000000, 0.006496, 0.162960, 0.013810, 0.019713
100.000000, 16, 0.032416, 0.000000, 0.010633, 0.168635, 0.014726, 0.019713
100.000000, 17, 0.032416, 0.000000, 0.013954, 0.173247, 0.015629, 0.019713
100.000000, 18, 0.032416, 0.000000, 0.016620, 0.176868, 0.016267, 0.019713
100.000000, 19, 0.032416, 0.000000, 0.018760, 0.179694, 0.016646, 0.019713
100.000000, 0, 0.035503, 0.000000, -0.538146, 0.003006, 0.000348, 0.019618
100.000000, 1, 0.035503, 0.000000, -0.426634, 0.005821, 0.001199, 0.019618
100.000000, 2, 0.035503, 0.000000, -0.337111, 0.011414, 0.002538, 0.019618
100.000000, 3, 0.035503, 0.000000, -0.265240, 0.020027, 0.004448, 0.019618
100.000000, 4, 0.035503, 0.000000, -0.207540, 0.031604, 0.006805, 0.019618
100.000000, 5, 0.035503, 0.000000, -0.161219, 0.045633, 0.009405, 0.019618
100.000000, 6, 0.035503, 0.000000, -0.124031, 0.061197, 0.011810, 0.019618
100.000000, 7, 0.035503, 0.000000, -0.094175, 0.077463, 0.013995, 0.019618
100.000000, 8, 0.035503, 0.000000, -0.070207, 0.093511, 0.016749, 0.019618
100.000000, 9, 0.035503, 0.000000, -0.050965, 0.108318, 0.020242, 0.019618
100.000000, 10, 0.035503, 0.000000, -0.035517, 0.120989, 0.022816, 0.019618
100.000000, 11, 0.035503, 0.000000, -0.023115, 0.131375, 0.022691, 0.019618
100.000000, 12, 0.035503, 0.000000, -0.013159, 0.140257, 0.020373, 0.019618
100.000000, 13, 0.035503, 0.000000, -0.005166, 0.148382, 0.018036, 0.019618
100.000000, 14, 0.035503, 0.000000, 0.001251, 0.155952, 0.017186, 0.019618
100.000000, 15, 0.035503, 0.000000, 0.006403, 0.162737, 0.017772, 0.019618
100.000000, 16, 0.035503, 0.000000, 0.010539, 0.168467, 0.018967, 0.019618
100.000000, 17, 0.035503, 0.000000, 0.013859, 0.173140, 0.020090, 0.019618
100.000000, 18, 0.035503, 0.000000, 0.016525, 0.176813, 0.020885, 0.019618
100.000000, 19, 0.035503, 0.000000, 0.018665, 0.179680, 0.021373, 0.019618
100.000000, 0, 0.038591, 0.000000, -0.538157, 0.002988, 0.000383, 0.019508
100.000000, 1, 0.038591, 0.000000, -0.426665, 0.005786, 0.001326, 0.019508
100.000000, 2, 0.038591, 0.000000, -0.337157, 0.011347, 0.002810, 0.019508
100.000000, 3, 0.038591, 0.000000, -0.265299, 0.019908, 0.004930, 0.019508
100.000000, 4, 0.038591, 0.000000, -0.207610, 0.031427, 0.007570, 0.019508
100.000000, 5, 0.038591, 0.000000, -0.161296, 0.045399, 0.010513, 0.019508
100.000000, 6, 0.038591, 0.000000, -0.124115, 0.060889, 0.013269, 0.019508
100.000000, 7, 0.038591, 0.000000, -0.094265, 0.077079, 0.015822, 0.019508
100.000000, 8, 0.038591, 0.000000, -0.070301, 0.093124, 0.019031, 0.019508
100.000000, 9, 0.038591, 0.000000, -0.051062, 0.108025, 0.023053, 0.019508
100.000000, 10, 0.038591, 0.000000, -0.035617, 0.120805, 0.026044, 0.019508
100.000000, 11, 0.038591, 0.000000, -0.023217, 0.131201, 0.026072, 0.019508
100.000000, 12, 0.038591, 0.000000, -0.013263, 0.139985, 0.023748, 0.019508
100.000000, 13, 0.038591, 0.000000, -0.005271, 0.148015, 0.021475, 0.019508
100.000000, 14, 0.038591, 0.000000, 0.001145, 0.155557, 0.020853, 0.019508
100.000000, 15, 0.038591, 0.000000, 0.006296, 0.162379, 0.021757, 0.019508
100.000000, 16, 0.038591, 0.000000, 0.010431, 0.168168, 0.023252, 0.019508
100.000000, 17, 0.038591, 0.000000, 0.013751, 0.172906, 0.024602, 0.019508
100.000000, 18, 0.038591, 0.000000, 0.016416, 0.176632, 0.025554, 0.019508
100.000000, 19, 0.038591, 0.000000, 0.018555, 0.179542, 0.026152, 0.019508
100.000000, 0, 0.041678, 0.000000, -0.538169, 0.002968, 0.000418, 0.019384
100.000000, 1, 0.041678, 0.000000, -0.426700, 0.005747, 0.001452, 0.019384
100.000000, 2, 0.041678, 0.000000, -0.337210, 0.011273, 0.003080, 0.019384
100.000000, 3, 0.041678, 0.000000, -0.265366, 0.019777, 0.005409, 0.019384
100.000000, 4, 0.041678, 0.000000, -0.207688, 0.031229, 0.008331, 0.019384
100.000000, 5, 0.041678, 0.000000, -0.161384, 0.045134, 0.011614, 0.019384
100.000000, 6, 0.041678, 0.000000, -0.124210, 0.060537, 0.014718, 0.019384
100.000000, 7, 0.041678, 0.000000, -0.094366, 0.076638, 0.017638, 0.019384
100.000000, 8, 0.041678, 0.000000, -0.070407, 0.092680, 0.021316, 0.019384
100.000000, 9, 0.041678, 0.000000, -0.051172, 0.107677, 0.025882, 0.019384
100.000000, 10, 0.041678, 0.000000, -0.035730, 0.120553, 0.029283, 0.019384
100.000000, 11, 0.041678, 0.000000, -0.023333, 0.130931, 0.029434, 0.019384
100.000000, 12, 0.041678, 0.000000, -0.013380, 0.139588, 0.027081, 0.019384
100.000000, 13, 0.041678, 0.000000, -0.005390, 0.147507, 0.024880, 0.019384
100.000000, 14, 0.041678, 0.000000, 0.001024, 0.155018, 0.024516, 0.019384
100.000000, 15, 0.041678, 0.000000, 0.006174, 0.161883, 0.025769, 0.019384
100.000000, 16, 0.041678, 0.000000, 0.010309, 0.167738, 0.027583, 0.019384
100.000000, 17, 0.041678, 0.000000, 0.013628, 0.172543, 0.029167, 0.019384
100.000000, 18, 0.041678, 0.000000, 0.016292, 0.176321, 0.030275, 0.019384
100.000000, 19, 0.041678, 0.000000, 0.018432, 0.179268, 0.030977, 0.019384
100.000000, 0, 0.044765, 0.000000, -0.538183, 0.002947, 0.000453, 0.019246
100.000000, 1, 0.044765, 0.000000, -0.426738, 0.005705, 0.001577, 0.019246
100.000000, 2, 0.044765, 0.000000, -0.337269, 0.011191, 0.003348, 0.019246
100.000000, 3, 0.044765, 0.000000, -0.265441, 0.019632, 0.005884, 0.019246
100.000000, 4, 0.044765, 0.000000, -0.207776, 0.031012, 0.009087, 0.019246
100.000000, 5, 0.044765, 0.000000, -0.161482, 0.044839, 0.012708, 0.019246
100.000000, 6, 0.044765, 0.000000, -0.124316, 0.060140, 0.016155, 0.019246
100.000000, 7, 0.044765, 0.000000, -0.094479, 0.076142, 0.019444, 0.019246
100.000000, 8, 0.044765, 0.000000, -0.070525, 0.092180, 0.023604, 0.019246
100.000000, 9, 0.044765, 0.000000, -0.051295, 0.107274, 0.028729, 0.019246
100.000000, 10, 0.044765, 0.000000, -0.035856, 0.120232, 0.032527, 0.019246
100.000000, 11, 0.044765, 0.000000, -0.023462, 0.130560, 0.032765, 0.019246
100.000000, 12, 0.044765, 0.000000, -0.013511, 0.139058, 0.030362, 0.019246
100.000000, 13, 0.044765, 0.000000, -0.005523, 0.146849, 0.028247, 0.019246
100.000000, 14, 0.044765, 0.000000, 0.000890, 0.154333, 0.028176, 0.019246
100.000000, 15, 0.044765, 0.000000, 0.006039, 0.161251, 0.029813, 0.019246
100.000000, 16, 0.044765, 0.000000, 0.010172, 0.167180, 0.031963, 0.019246
100.000000, 17, 0.044765, 0.000000, 0.013491, 0.172054, 0.033785, 0.019246
100.000000, 18, 0.044765, 0.000000, 0.016155, 0.175884, 0.035044, 0.019246
100.000000, 19, 0.044765, 0.000000, 0.018293, 0.178865, 0.035845, 0.019246
100.000000, 0, 0.047852, 0.000000, -0.538198, 0.002923, 0.000488, 0.019093
100.000000, 1, 0.047852, 0.000000, -0.426781, 0.005659, 0.001701, 0.019093
100.000000, 2, 0.047852, 0.000000, -0.337333, 0.011103, 0.003613, 0.019093
100.000000, 3, 0.047852, 0.000000, -0.265523, 0.019475, 0.006355, 0.019093
100.000000, 4, 0.047852, 0.000000, -0.207873, 0.030774, 0.009837, 0.019093
100.000000, 5, 0.047852, 0.000000, -0.161590, 0.044513, 0.013792, 0.019093
100.000000, 6, 0.047852, 0.000000, -0.124434, 0.059699, 0.017579, 0.019093
100.000000, 7, 0.047852, 0.000000, -0.094604, 0.075591, 0.021238, 0.019093
100.000000, 8, 0.047852, 0.000000, -0.070656, 0.091627, 0.025895, 0.019093
100.000000, 9, 0.047852, 0.000000, -0.051430, 0.106818, 0.031592, 0.019093
100.000000, 10, 0.047852, 0.000000, -0.035995, 0.119839, 0.035769, 0.019093
100.000000, 11, 0.047852, 0.000000, -0.023604, 0.130082, 0.036056, 0.019093
100.000000, 12, 0.047852, 0.000000, -0.013656, 0.138387, 0.033585, 0.019093
100.000000, 13, 0.047852, 0.000000, -0.005670, 0.146038, 0.031576, 0.019093
100.000000, 14, 0.047852, 0.000000, 0.000742, 0.153500, 0.031840, 0.019093
100.000000, 15, 0.047852, 0.000000, 0.005889, 0.160481, 0.033892, 0.019093
100.000000, 16, 0.047852, 0.000000, 0.010022, 0.166493, 0.036393, 0.019093
100.000000, 17, 0.047852, 0.000000, 0.013339, 0.171437, 0.038452, 0.019093
100.000000, 18, 0.047852, 0.000000, 0.016003, 0.175317, 0.039858, 0.019093
100.000000, 19, 0.047852, 0.000000, 0.018141, 0.178329, 0.040749, 0.019093
100.000000, 0, 0.050940, 0.000000, -0.538215, 0.002898, 0.000522, 0.018926
100.000000, 1, 0.050940, 0.000000, -0.426828, 0.005610, 0.001825, 0.018926
100.000000, 2, 0.050940, 0.000000, -0.337404, 0.011007, 0.003876, 0.018926
100.000000, 3, 0.050940, 0.000000, -0.265613, 0.019305, 0.006821, 0.018926
100.000000, 4, 0.050940, 0.000000, -0.207979, 0.030517, 0.010581, 0.018926
100.000000, 5, 0.050940, 0.000000, -0.161708, 0.044157, 0.014867, 0.018926
100.000000, 6, 0.050940, 0.000000, -0.124562, 0.059213, 0.018987, 0.018926
100.000000, 7, 0.050940, 0.000000, -0.094740, 0.074986, 0.023018, 0.018926
100.000000, 8, 0.050940, 0.000000, -0.070799, 0.091023, 0.028190, 0.018926
100.000000, 9, 0.050940, 0.000000, -0.051578, 0.106311, 0.034468, 0.018926
100.000000, 10, 0.050940, 0.000000, -0.036147, 0.119372, 0.039000, 0.018926
100.000000, 11, 0.050940, 0.000000, -0.023759, 0.129487, 0.039295, 0.018926
100.000000, 12, 0.050940, 0.000000, -0.013814, 0.137567, 0.036744, 0.018926
100.000000, 13, 0.050940, 0.000000, -0.005830, 0.145070, 0.034868, 0.018926
100.000000, 14, 0.050940, 0.000000, 0.000580, 0.152520, 0.035511, 0.018926
100.000000, 15, 0.050940, 0.000000, 0.005726, 0.159576, 0.038012, 0.018926
100.000000, 16, 0.050940, 0.000000, 0.009857, 0.165678, 0.040875, 0.018926
100.000000, 17, 0.050940, 0.000000, 0.013174, 0.170691, 0.043167, 0.018926
100.000000, 18, 0.050940, 0.000000, 0.015837, 0.174618, 0.044709, 0.018926
100.000000, 19, 0.050940, 0.000000, 0.017974, 0.177654, 0.045682, 0.018926
100.000000, 0, 0.054027, 0.000000, -0.538233, 0.002872, 0.000556, 0.018745
100.000000, 1, 0.054027, 0.000000, -0.426878, 0.005558, 0.001947, 0.018745
100.000000, 2, 0.054027, 0.000000, -0.337481, 0.010905, 0.004136, 0.018745
100.000000, 3, 0.054027, 0.000000, -0.265712, 0.019123, 0.007282, 0.018745
100.000000, 4, 0.054027, 0.000000, -0.208094, 0.030240, 0.011318, 0.018745
100.000000, 5, 0.054027, 0.000000, -0.161837, 0.043769, 0.015931, 0.018745
100.000000, 6, 0.054027, 0.000000, -0.124701, 0.058682, 0.020379, 0.018745
100.000000, 7, 0.054027, 0.000000, -0.094888, 0.074329, 0.024785, 0.018745
100.000000, 8, 0.054027, 0.000000, -0.070954, 0.090371, 0.030489, 0.018745
100.000000, 9, 0.054027, 0.000000, -0.051739, 0.105753, 0.037356, 0.018745
100.000000, 10, 0.054027, 0.000000, -0.036313, 0.118825, 0.042213, 0.018745
100.000000, 11, 0.054027, 0.000000, -0.023928, 0.128767, 0.042473, 0.018745
100.000000, 12, 0.054027, 0.000000, -0.013986, 0.136592, 0.039831, 0.018745
100.000000, 13, 0.054027, 0.000000, -0.006004, 0.143944, 0.038125, 0.018745
100.000000, 14, 0.054027, 0.000000, 0.000404, 0.151397, 0.039195, 0.018745
100.000000, 15, 0.054027, 0.000000, 0.005548, 0.158540, 0.042176, 0.018745
100.000000, 16, 0.054027, 0.000000, 0.009678, 0.164737, 0.045406, 0.018745
100.000000, 17, 0.054027, 0.000000, 0.012994, 0.169817, 0.047924, 0.018745
100.000000, 18, 0.054027, 0.000000, 0.015656, 0.173784, 0.049590, 0.018745
100.000000, 19, 0.054027, 0.000000, 0.017793, 0.176838, 0.050635, 0.018745
100.000000, 0, 0.057114, 0.000000, -0.538253, 0.002843, 0.000589, 0.018549
100.000000, 1, 0.057114, 0.000000, -0.426933, 0.005502, 0.002068, 0.018549
100.000000, 2, 0.057114, 0.000000, -0.337564, 0.010795, 0.004393, 0.018549
100.000000, 3, 0.057114, 0.000000, -0.265817, 0.018929, 0.007737, 0.018549
100.000000, 4, 0.057114, 0.000000, -0.208218, 0.029944, 0.012048, 0.018549
100.000000, 5, 0.057114, 0.000000, -0.161976, 0.043351, 0.016983, 0.018549
100.000000, 6, 0.057114, 0.000000, -0.124852, 0.058107, 0.021753, 0.018549
100.000000, 7, 0.057114, 0.000000, -0.095048, 0.073621, 0.026537, 0.018549
100.000000, 8, 0.057114, 0.000000, -0.071121, 0.089673, 0.032792, 0.018549
100.000000, 9, 0.057114, 0.000000, -0.051912, 0.105144, 0.040251, 0.018549
100.000000, 10, 0.057114, 0.000000, -0.036491, 0.118192, 0.045397, 0.018549
100.000000, 11, 0.057114, 0.000000, -0.024111, 0.127912, 0.045577, 0.018549
100.000000, 12, 0.057114, 0.000000, -0.014172, 0.135455, 0.042843, 0.018549
100.000000, 13, 0.057114, 0.000000, -0.006192, 0.142661, 0.041349, 0.018549
100.000000, 14, 0.057114, 0.000000, 0.000214, 0.150134, 0.042899, 0.018549
100.000000, 15, 0.057114, 0.000000, 0.005357, 0.157377, 0.046386, 0.018549
100.000000, 16, 0.057114, 0.000000, 0.009485, 0.163672, 0.049985, 0.018549
100.000000, 17, 0.057114, 0.000000, 0.012800, 0.168812, 0.052714, 0.018549
100.000000, 18, 0.057114, 0.000000, 0.015461, 0.172812, 0.054490, 0.018549
100.000000, 19, 0.057114, 0.000000, 0.017597, 0.175875, 0.055594, 0.018549
100.000000, 0, 0.060202, 0.000000, -0.538274, 0.002813, 0.000621, 0.018338
100.000000, 1, 0.060202, 0.000000, -0.426992, 0.005444, 0.002188, 0.018338
100.000000, 2, 0.060202, 0.000000, -0.337654, 0.010678, 0.004647, 0.018338
100.000000, 3, 0.060202, 0.000000, -0.265931, 0.018722, 0.008188, 0.018338
100.000000, 4, 0.060202, 0.000000, -0.208351, 0.029628, 0.012769, 0.018338
100.000000, 5, 0.060202, 0.000000, -0.162125, 0.042902, 0.018022, 0.018338
100.000000, 6, 0.060202, 0.000000, -0.125013, 0.057488, 0.023107, 0.018338
100.000000, 7, 0.060202, 0.000000, -0.095220, 0.072865, 0.028275, 0.018338
100.000000, 8, 0.060202, 0.000000, -0.071301, 0.088932, 0.035098, 0.018338
100.000000, 9, 0.060202, 0.000000, -0.052099, 0.104484, 0.043149, 0.018338
100.000000, 10, 0.060202, 0.000000, -0.036683, 0.117468, 0.048541, 0.018338
100.000000, 11, 0.060202, 0.000000, -0.024307, 0.126915, 0.048598, 0.018338
100.000000, 12, 0.060202, 0.000000, -0.014371, 0.134153, 0.045776, 0.018338
100.000000, 13, 0.060202, 0.000000, -0.006394, 0.141225, 0.044546, 0.018338
100.000000, 14, 0.060202, 0.000000, 0.000010, 0.148737, 0.046628, 0.018338
100.000000, 15, 0.060202, 0.000000, 0.005151, 0.156092, 0.050643, 0.018338
100.000000, 16, 0.060202, 0.000000, 0.009278, 0.162487, 0.054603, 0.018338
100.000000, 17, 0.060202, 0.000000, 0.012592, 0.167677, 0.057526, 0.018338
100.000000, 18, 0.060202, 0.000000, 0.015252, 0.171699, 0.059394, 0.018338
100.000000, 19, 0.060202, 0.000000, 0.017387, 0.174760, 0.060545, 0.018338
100.000000, 0, 0.063289, 0.000000, -0.538296, 0.002781, 0.000654, 0.018114
100.000000, 1, 0.063289, 0.000000, -0.427055, 0.005382, 0.002306, 0.018114
100.000000, 2, 0.063289, 0.000000, -0.337749, 0.010555, 0.004897, 0.018114
100.000000, 3, 0.063289, 0.000000, -0.266052, 0.018504, 0.008632, 0.018114
100.000000, 4, 0.063289, 0.000000, -0.208493, 0.029294, 0.013483, 0.018114
100.000000, 5, 0.063289, 0.000000, -0.162284, 0.042422, 0.019045, 0.018114
100.000000, 6, 0.063289, 0.000000, -0.125186, 0.056826, 0.024441, 0.018114
100.000000, 7, 0.063289, 0.000000, -0.095403, 0.072063, 0.029999, 0.018114
100.000000, 8, 0.063289, 0.000000, -0.071493, 0.088150, 0.037409, 0.018114
100.000000, 9, 0.063289, 0.000000, -0.052298, 0.103769, 0.046045, 0.018114
100.000000, 10, 0.063289, 0.000000, -0.036887, 0.116644, 0.051635, 0.018114
100.000000, 11, 0.063289, 0.000000, -0.024516, 0.125766, 0.051523, 0.018114
100.000000, 12, 0.063289, 0.000000, -0.014584, 0.132687, 0.048628, 0.018114
100.000000, 13, 0.063289, 0.000000, -0.006610, 0.139640, 0.047723, 0.018114
100.000000, 14, 0.063289, 0.000000, -0.000208, 0.147216, 0.050388, 0.018114
100.000000, 15, 0.063289, 0.000000, 0.004931, 0.154692, 0.054947, 0.018114
100.000000, 16, 0.063289, 0.000000, 0.009057, 0.161182, 0.059254, 0.018114
100.000000, 17, 0.063289, 0.000000, 0.012369, 0.166410, 0.062347, 0.018114
100.000000, 18, 0.063289, 0.000000, 0.015028, 0.170442, 0.064288, 0.018114
100.000000, 19, 0.063289, 0.000000, 0.017163, 0.173491, 0.065473, 0.018114
100.000000, 0, 0.066376, 0.000000, -0.538320, 0.002747, 0.000685, 0.017875
100.000000, 1, 0.066376, 0.000000, -0.427122, 0.005317, 0.002423, 0.017875
100.000000, 2, 0.066376, 0.000000, -0.337850, 0.010424, 0.005144, 0.017875
100.000000, 3, 0.066376, 0.000000, -0.266181, 0.018274, 0.009070, 0.017875
100.000000, 4, 0.066376, 0.000000, -0.208644, 0.028941, 0.014186, 0.017875
100.000000, 5, 0.066376, 0.000000, -0.162453, 0.041911, 0.020053, 0.017875
100.000000, 6, 0.066376, 0.000000, -0.125369, 0.056121, 0.025753, 0.017875
100.000000, 7, 0.066376, 0.000000, -0.095598, 0.071218, 0.031710, 0.017875
100.000000, 8, 0.066376, 0.000000, -0.071697, 0.087329, 0.039724, 0.017875
100.000000, 9, 0.066376, 0.000000, -0.052509, 0.102998, 0.048931, 0.017875
100.000000, 10, 0.066376, 0.000000, -0.037105, 0.115711, 0.054664, 0.017875
100.000000, 11, 0.066376, 0.000000, -0.024738, 0.124462, 0.054345, 0.017875
100.000000, 12, 0.066376, 0.000000, -0.014810, 0.131056, 0.051402, 0.017875
100.000000, 13, 0.066376, 0.000000, -0.006839, 0.137915, 0.050887, 0.017875
100.000000, 14, 0.066376, 0.000000, -0.000440, 0.145579, 0.054186, 0.017875
100.000000, 15, 0.066376, 0.000000, 0.004697, 0.153183, 0.059295, 0.017875
100.000000, 16, 0.066376, 0.000000, 0.008822, 0.159761, 0.063927, 0.017875
100.000000, 17, 0.066376, 0.000000, 0.012133, 0.165012, 0.067163, 0.017875
100.000000, 18, 0.066376, 0.000000, 0.014791, 0.169040, 0.069156, 0.017875
100.000000, 19, 0.066376, 0.000000, 0.016925, 0.172066, 0.070363, 0.017875
100.000000, 0, 0.069463, 0.000000, -0.538345, 0.002712, 0.000717, 0.017623
100.000000, 1, 0.069463, 0.000000, -0.427192, 0.005248, 0.002538, 0.017623
100.000000, 2, 0.069463, 0.000000, -0.337957, 0.010287, 0.005387, 0.017623
100.000000, 3, 0.069463, 0.000000, -0.266318, 0.018033, 0.009502, 0.017623
100.000000, 4, 0.069463, 0.000000, -0.208804, 0.028569, 0.014880, 0.017623
100.000000, 5, 0.069463, 0.000000, -0.162631, 0.041370, 0.021044, 0.017623
100.000000, 6, 0.069463, 0.000000, -0.125563, 0.055375, 0.027042, 0.017623
100.000000, 7, 0.069463, 0.000000, -0.095804, 0.070333, 0.033407, 0.017623
100.000000, 8, 0.069463, 0.000000, -0.071913, 0.086470, 0.042041, 0.017623
100.000000, 9, 0.069463, 0.000000, -0.052733, 0.102166, 0.051802, 0.017623
100.000000, 10, 0.069463, 0.000000, -0.037335, 0.114662, 0.057617, 0.017623
100.000000, 11, 0.069463, 0.000000, -0.024973, 0.122996, 0.057055, 0.017623
100.000000, 12, 0.069463, 0.000000, -0.015049, 0.129267, 0.054101, 0.017623
100.000000, 13, 0.069463, 0.000000, -0.007081, 0.136061, 0.054049, 0.017623
100.000000, 14, 0.069463, 0.000000, -0.000685, 0.143837, 0.058026, 0.017623
100.000000, 15, 0.069463, 0.000000, 0.004450, 0.151572, 0.063681, 0.017623
100.000000, 16, 0.069463, 0.000000, 0.008573, 0.158225, 0.068609, 0.017623
100.000000, 17, 0.069463, 0.000000, 0.011883, 0.163481, 0.071957, 0.017623
100.000000, 18, 0.069463, 0.000000, 0.014540, 0.167490, 0.073981, 0.017623
100.000000, 19, 0.069463, 0.000000, 0.016673, 0.170482, 0.075197, 0.017623
100.000000, 0, 0.072551, 0.000000, -0.538372, 0.002675, 0.000747, 0.017357
100.000000, 1, 0.072551, 0.000000, -0.427267, 0.005177, 0.002652, 0.017357
100.000000, 2, 0.072551, 0.000000, -0.338070, 0.010144, 0.005626, 0.017357
100.000000, 3, 0.072551, 0.000000, -0.266461, 0.017781, 0.009927, 0.017357
100.000000, 4, 0.072551, 0.000000, -0.208973, 0.028179, 0.015563, 0.017357
100.000000, 5, 0.072551, 0.000000, -0.162820, 0.040798, 0.022017, 0.017357
100.000000, 6, 0.072551, 0.000000, -0.125768, 0.054589, 0.028308, 0.017357
100.000000, 7, 0.072551, 0.000000, -0.096021, 0.069411, 0.035091, 0.017357
100.000000, 8, 0.072551, 0.000000, -0.072141, 0.085576, 0.044360, 0.017357
100.000000, 9, 0.072551, 0.000000, -0.052969, 0.101268, 0.054646, 0.017357
100.000000, 10, 0.072551, 0.000000, -0.037577, 0.113487, 0.060479, 0.017357
100.000000, 11, 0.072551, 0.000000, -0.025221, 0.121367, 0.059649, 0.017357
100.000000, 12, 0.072551, 0.000000, -0.015301, 0.127326, 0.056734, 0.017357
100.000000, 13, 0.072551, 0.000000, -0.007337, 0.134089, 0.057221, 0.017357
100.000000, 14, 0.072551, 0.000000, -0.000943, 0.142000, 0.061912, 0.017357
100.000000, 15, 0.072551, 0.000000, 0.004190, 0.149864, 0.068100, 0.017357
100.000000, 16, 0.072551, 0.000000, 0.008311, 0.156576, 0.073286, 0.017357
100.000000, 17, 0.072551, 0.000000, 0.011619, 0.161819, 0.076714, 0.017357
100.000000, 18, 0.072551, 0.000000, 0.014275, 0.165794, 0.078748, 0.017357
100.000000, 19, 0.072551, 0.000000, 0.016407, 0.168742, 0.079962, 0.017357
100.000000, 0, 0.075638, 0.000000, -0.538399, 0.002636, 0.000778, 0.017077
100.000000, 1, 0.075638, 0.000000, -0.427345, 0.005103, 0.002764, 0.017077
100.000000, 2, 0.075638, 0.000000, -0.338189, 0.009994, 0.005861, 0.017077
100.000000, 3, 0.075638, 0.000000, -0.266612, 0.017519, 0.010345, 0.017077
100.000000, 4, 0.075638, 0.000000, -0.209150, 0.027770, 0.016236, 0.017077
100.000000, 5, 0.075638, 0.000000, -0.163018, 0.040197, 0.022971, 0.017077
100.000000, 6, 0.075638, 0.000000, -0.125982, 0.053765, 0.029551, 0.017077
100.000000, 7, 0.075638, 0.000000, -0.096249, 0.068454, 0.036763, 0.017077
100.000000, 8, 0.075638, 0.000000, -0.072379, 0.084646, 0.046679, 0.017077
100.000000, 9, 0.075638, 0.000000, -0.053216, 0.100298, 0.057454, 0.017077
100.000000, 10, 0.075638, 0.000000, -0.037832, 0.112180, 0.063238, 0.017077
100.000000, 11, 0.075638, 0.000000, -0.025481, 0.119575, 0.062124, 0.017077
100.000000, 12, 0.075638, 0.000000, -0.015565, 0.125243, 0.059311, 0.017077
100.000000, 13, 0.075638, 0.000000, -0.007605, 0.132012, 0.060414, 0.017077
100.000000, 14, 0.075638, 0.000000, -0.001214, 0.140078, 0.065846, 0.017077
100.000000, 15, 0.075638, 0.000000, 0.003917, 0.148064, 0.072540, 0.017077
100.000000, 16, 0.075638, 0.000000, 0.008036, 0.154816, 0.077943, 0.017077
100.000000, 17, 0.075638, 0.000000, 0.011342, 0.160026, 0.081417, 0.017077
100.000000, 18, 0.075638, 0.000000, 0.013997, 0.163952, 0.083441, 0.017077
100.000000, 19, 0.075638, 0.000000, 0.016128, 0.166847, 0.084644, 0.017077
100.000000, 0, 0.078725, 0.000000, -0.538429, 0.002596, 0.000808, 0.016785
100.000000, 1, 0.078725, 0.000000, -0.427427, 0.005025, 0.002874, 0.016785
100.000000, 2, 0.078725, 0.000000, -0.338312, 0.009837, 0.006091, 0.016785
100.000000, 3, 0.078725, 0.000000, -0.266770, 0.017245, 0.010756, 0.016785
100.000000, 4, 0.078725, 0.000000, -0.209335, 0.027343, 0.016896, 0.016785
100.000000, 5, 0.078725, 0.000000, -0.163224, 0.039565, 0.023905, 0.016785
100.000000, 6, 0.078725, 0.000000, -0.126206, 0.052905, 0.030769, 0.016785
100.000000, 7, 0.078725, 0.000000, -0.096488, 0.067467, 0.038425, 0.016785
100.000000, 8, 0.078725, 0.000000, -0.072629, 0.083679, 0.048993, 0.016785
100.000000, 9, 0.078725, 0.000000, -0.053475, 0.099249, 0.060215, 0.016785
100.000000, 10, 0.078725, 0.000000, -0.038098, 0.110733, 0.065883, 0.016785
100.000000, 11, 0.078725, 0.000000, -0.025752, 0.117622, 0.064480, 0.016785
100.000000, 12, 0.078725, 0.000000, -0.015842, 0.123030, 0.061845, 0.016785
100.000000, 13, 0.078725, 0.000000, -0.007885, 0.129845, 0.063640, 0.016785
100.000000, 14, 0.078725, 0.000000, -0.001497, 0.138079, 0.069828, 0.016785
100.000000, 15, 0.078725, 0.000000, 0.003631, 0.146176, 0.076993, 0.016785
100.000000, 16, 0.078725, 0.000000, 0.007748, 0.152944, 0.082566, 0.016785
100.000000, 17, 0.078725, 0.000000, 0.011053, 0.158103, 0.086053, 0.016785
100.000000, 18, 0.078725, 0.000000, 0.013706, 0.161966, 0.088050, 0.016785
100.000000, 19, 0.078725, 0.000000, 0.015837, 0.164802, 0.089233, 0.016785
100.000000, 0, 0.081812, 0.000000, -0.538459, 0.002555, 0.000837, 0.016481
100.000000, 1, 0.081812, 0.000000, -0.427512, 0.004945, 0.002982, 0.016481
100.000000, 2, 0.081812, 0.000000, -0.338442, 0.009675, 0.006318, 0.016481
100.000000, 3, 0.081812, 0.000000, -0.266935, 0.016962, 0.011159, 0.016481
100.000000, 4, 0.081812, 0.000000, -0.209527, 0.026899, 0.017544, 0.016481
100.000000, 5, 0.081812, 0.000000, -0.163440, 0.038905, 0.024817, 0.016481
100.000000, 6, 0.081812, 0.000000, -0.126440, 0.052010, 0.031963, 0.016481
100.000000, 7, 0.081812, 0.000000, -0.096736, 0.066452, 0.040077, 0.016481
100.000000, 8, 0.081812, 0.000000, -0.072889, 0.082674, 0.051300, 0.016481
100.000000, 9, 0.081812, 0.000000, -0.053745, 0.098113, 0.062917, 0.016481
100.000000, 10, 0.081812, 0.000000, -0.038375, 0.109141, 0.068404, 0.016481
100.000000, 11, 0.081812, 0.000000, -0.026036, 0.115514, 0.066723, 0.016481
100.000000, 12, 0.081812, 0.000000, -0.016130, 0.120700, 0.064349, 0.016481
100.000000, 13, 0.081812, 0.000000, -0.008177, 0.127601, 0.066906, 0.016481
100.000000, 14, 0.081812, 0.000000, -0.001793, 0.136012, 0.073852, 0.016481
100.000000, 15, 0.081812, 0.000000, 0.003333, 0.144203, 0.081444, 0.016481
100.000000, 16, 0.081812, 0.000000, 0.007448, 0.150963, 0.087139, 0.016481
100.000000, 17, 0.081812, 0.000000, 0.010751, 0.156050, 0.090607, 0.016481
100.000000, 18, 0.081812, 0.000000, 0.013404, 0.159840, 0.092562, 0.016481
100.000000, 19, 0.081812, 0.000000, 0.015533, 0.162611, 0.093721, 0.016481
100.000000, 0, 0.084900, 0.000000, -0.538491, 0.002511, 0.000866, 0.016164
100.000000, 1, 0.084900, 0.000000, -0.427600, 0.004862, 0.003088, 0.016164
100.000000, 2, 0.084900, 0.000000, -0.338576, 0.009507, 0.006539, 0.016164
100.000000, 3, 0.084900, 0.000000, -0.267106, 0.016668, 0.011555, 0.016164
100.000000, 4, 0.084900, 0.000000, -0.209728, 0.026437, 0.018178, 0.016164
100.000000, 5, 0.084900, 0.000000, -0.163664, 0.038217, 0.025708, 0.016164
100.000000, 6, 0.084900, 0.000000, -0.126683, 0.051082, 0.033132, 0.016164
100.000000, 7, 0.084900, 0.000000, -0.096995, 0.065411, 0.041719, 0.016164
100.000000, 8, 0.084900, 0.000000, -0.073160, 0.081629, 0.053596, 0.016164
100.000000, 9, 0.084900, 0.000000, -0.054025, 0.096884, 0.065548, 0.016164
100.000000, 10, 0.084900, 0.000000, -0.038663, 0.107401, 0.070792, 0.016164
100.000000, 11, 0.084900, 0.000000, -0.026331, 0.113258, 0.068858, 0.016164
100.000000, 12, 0.084900, 0.000000, -0.016430, 0.118268, 0.066838, 0.016164
100.000000, 13, 0.084900, 0.000000, -0.008481, 0.125294, 0.070221, 0.016164
100.000000, 14, 0.084900, 0.000000, -0.002100, 0.133883, 0.077914, 0.016164
100.000000, 15, 0.084900, 0.000000, 0.003023, 0.142144, 0.085879, 0.016164
100.000000, 16, 0.084900, 0.000000, 0.007136, 0.148870, 0.091646, 0.016164
100.000000, 17, 0.084900, 0.000000, 0.010438, 0.153869, 0.095069, 0.016164
100.000000, 18, 0.084900, 0.000000, 0.013089, 0.157575, 0.096972, 0.016164
100.000000, 19, 0.084900, 0.000000, 0.015217, 0.160278, 0.098105, 0.016164
100.000000, 0, 0.087987, 0.000000, -0.538523, 0.002467, 0.000895, 0.015836
100.000000, 1, 0.087987, 0.000000, -0.427692, 0.004775, 0.003192, 0.015836
100.000000, 2, 0.087987, 0.000000, -0.338715, 0.009332, 0.006756, 0.015836
100.000000, 3, 0.087987, 0.000000, -0.267283, 0.016365, 0.011942, 0.015836
100.000000, 4, 0.087987, 0.000000, -0.209936, 0.025957, 0.018799, 0.015836
100.000000, 5, 0.087987, 0.000000, -0.163897, 0.037502, 0.026576, 0.015836
100.000000, 6, 0.087987, 0.000000, -0.126936, 0.050125, 0.034278, 0.015836
100.000000, 7, 0.087987, 0.000000, -0.097263, 0.064347, 0.043352, 0.015836
100.000000, 8, 0.087987, 0.000000, -0.073441, 0.080542, 0.055873, 0.015836
100.000000, 9, 0.087987, 0.000000, -0.054316, 0.095555, 0.068096, 0.015836
100.000000, 10, 0.087987, 0.000000, -0.038962, 0.105511, 0.073043, 0.015836
100.000000, 11, 0.087987, 0.000000, -0.026636, 0.110865, 0.070895, 0.015836
100.000000, 12, 0.087987, 0.000000, -0.016741, 0.115751, 0.069326, 0.015836
100.000000, 13, 0.087987, 0.000000, -0.008796, 0.122933, 0.073588, 0.015836
100.000000, 14, 0.087987, 0.000000, -0.002418, 0.131694, 0.082002, 0.015836
100.000000, 15, 0.087987, 0.000000, 0.002702, 0.139999, 0.090281, 0.015836
100.000000, 16, 0.087987, 0.000000, 0.006812, 0.146664, 0.096073, 0.015836
100.000000, 17, 0.087987, 0.000000, 0.010113, 0.151560, 0.099427, 0.015836
100.000000, 18, 0.087987, 0.000000, 0.012762, 0.155172, 0.101273, 0.015836
100.000000, 19, 0.087987, 0.000000, 0.014889, 0.157805, 0.102383, 0.015836
100.000000, 0, 0.091074, 0.000000, -0.538557, 0.002421, 0.000923, 0.015497
100.000000, 1, 0.091074, 0.000000, -0.427787, 0.004686, 0.003293, 0.015497
100.000000, 2, 0.091074, 0.000000, -0.338859, 0.009153, 0.006969, 0.015497
100.000000, 3, 0.091074, 0.000000, -0.267466, 0.016051, 0.012321, 0.015497
100.000000, 4, 0.091074, 0.000000, -0.210151, 0.025461, 0.019406, 0.015497
100.000000, 5, 0.091074, 0.000000, -0.164137, 0.036759, 0.027420, 0.015497
100.000000, 6, 0.091074, 0.000000, -0.127196, 0.049139, 0.035399, 0.015497
100.000000, 7, 0.091074, 0.000000, -0.097540, 0.063262, 0.044976, 0.015497
100.000000, 8, 0.091074, 0.000000, -0.073731, 0.079409, 0.058126, 0.015497
100.000000, 9, 0.091074, 0.000000, -0.054617, 0.094118, 0.070549, 0.015497
100.000000, 10, 0.091074, 0.000000, -0.039272, 0.103474, 0.075153, 0.015497
100.000000, 11, 0.091074, 0.000000, -0.026952, 0.108347, 0.072845, 0.015497
100.000000, 12, 0.091074, 0.000000, -0.017062, 0.113163, 0.071826, 0.015497
100.000000, 13, 0.091074, 0.000000, -0.009122, 0.120531, 0.077006, 0.015497
100.000000, 14, 0.091074, 0.000000, -0.002748, 0.129448, 0.086104, 0.015497
100.000000, 15, 0.091074, 0.000000, 0.002370, 0.137766, 0.094632, 0.015497
100.000000, 16, 0.091074, 0.000000, 0.006478, 0.144343, 0.100404, 0.015497
100.000000, 17, 0.091074, 0.000000, 0.009776, 0.149121, 0.103672, 0.015497
100.000000, 18, 0.091074, 0.000000, 0.012424, 0.152634, 0.105461, 0.015497
100.000000, 19, 0.091074, 0.000000, 0.014550, 0.155195, 0.106553, 0.015497
100.000000, 0, 0.094161, 0.000000, -0.538592, 0.002373, 0.000950, 0.015146
100.000000, 1, 0.094161, 0.000000, -0.427885, 0.004594, 0.003393, 0.015146
100.000000, 2, 0.094161, 0.000000, -0.339008, 0.008968, 0.007176, 0.015146
100.000000, 3, 0.094161, 0.000000, -0.267655, 0.015729, 0.012692, 0.015146
100.000000, 4, 0.094161, 0.000000, -0.210373, 0.024947, 0.019998, 0.015146
100.000000, 5, 0.094161, 0.000000, -0.164385, 0.035991, 0.028240, 0.015146
100.000000, 6, 0.094161, 0.000000, -0.127465, 0.048129, 0.036498, 0.015146
100.000000, 7, 0.094161, 0.000000, -0.097826, 0.062155, 0.046591, 0.015146
100.000000, 8, 0.094161, 0.000000, -0.074030, 0.078226, 0.060348, 0.015146
100.000000, 9, 0.094161, 0.000000, -0.054927, 0.092567, 0.072896, 0.015146
100.000000, 10, 0.094161, 0.000000, -0.039591, 0.101292, 0.077122, 0.015146
100.000000, 11, 0.094161, 0.000000, -0.027278, 0.105720, 0.074722, 0.015146
100.000000, 12, 0.094161, 0.000000, -0.017394, 0.110520, 0.074350, 0.015146
100.000000, 13, 0.094161, 0.000000, -0.009458, 0.118092, 0.080473, 0.015146
100.000000, 14, 0.094161, 0.000000, -0.003088, 0.127145, 0.090204, 0.015146
100.000000, 15, 0.094161, 0.000000, 0.002027, 0.135441, 0.098916, 0.015146
100.000000, 16, 0.094161, 0.000000, 0.006133, 0.141904, 0.104627, 0.015146
100.000000, 17, 0.094161, 0.000000, 0.009429, 0.146552, 0.107797, 0.015146
100.000000, 18, 0.094161, 0.000000, 0.012076, 0.149959, 0.109532, 0.015146
100.000000, 19, 0.094161, 0.000000, 0.014200, 0.152448, 0.110615, 0.015146
100.000000, 0, 0.097249, 0.000000, -0.538628, 0.002325, 0.000977, 0.014786
100.000000, 1, 0.097249, 0.000000, -0.427986, 0.004500, 0.003490, 0.014786
100.000000, 2, 0.097249, 0.000000, -0.339161, 0.008777, 0.007379, 0.014786
100.000000, 3, 0.097249, 0.000000, -0.267850, 0.015397, 0.013054, 0.014786
100.000000, 4, 0.097249, 0.000000, -0.210601, 0.024418, 0.020574, 0.014786
100.000000, 5, 0.097249, 0.000000, -0.164641, 0.035199, 0.029035, 0.014786
100.000000, 6, 0.097249, 0.000000, -0.127743, 0.047095, 0.037573, 0.014786
100.000000, 7, 0.097249, 0.000000, -0.098120, 0.061029, 0.048197, 0.014786
100.000000, 8, 0.097249, 0.000000, -0.074339, 0.076988, 0.062530, 0.014786
100.000000, 9, 0.097249, 0.000000, -0.055247, 0.090899, 0.075126, 0.014786
100.000000, 10, 0.097249, 0.000000, -0.039919, 0.098971, 0.078952, 0.014786
100.000000, 11, 0.097249, 0.000000, -0.027614, 0.102999, 0.076540, 0.014786
100.000000, 12, 0.097249, 0.000000, -0.017736, 0.107836, 0.076908, 0.014786
100.000000, 13, 0.097249, 0.000000, -0.009805, 0.115624, 0.083983, 0.014786
100.000000, 14, 0.097249, 0.000000, -0.003438, 0.124781, 0.094284, 0.014786
100.000000, 15, 0.097249, 0.000000, 0.001674, 0.133019, 0.103112, 0.014786
100.000000, 16, 0.097249, 0.000000, 0.005777, 0.139344, 0.108728, 0.014786
100.000000, 17, 0.097249, 0.000000, 0.009072, 0.143851, 0.111794, 0.014786
100.000000, 18, 0.097249, 0.000000, 0.011717, 0.147149, 0.113482, 0.014786
100.000000, 19, 0.097249, 0.000000, 0.013840, 0.149566, 0.114567, 0.014786
100.000000, 0, 0.100336, 0.000000, -0.538665, 0.002274, 0.001004, 0.014415
100.000000, 1, 0.100336, 0.000000, -0.428090, 0.004402, 0.003584, 0.014415
100.000000, 2, 0.100336, 0.000000, -0.339318, 0.008582, 0.007576, 0.014415
100.000000, 3, 0.100336, 0.000000, -0.268051, 0.015056, 0.013407, 0.014415
100.000000, 4, 0.100336, 0.000000, -0.210836, 0.023872, 0.021135, 0.014415
100.000000, 5, 0.100336, 0.000000, -0.164903, 0.034383, 0.029806, 0.014415
100.000000, 6, 0.100336, 0.000000, -0.128028, 0.046040, 0.038627, 0.014415
100.000000, 7, 0.100336, 0.000000, -0.098423, 0.059882, 0.049792, 0.014415
100.000000, 8, 0.100336, 0.000000, -0.074656, 0.075692, 0.064664, 0.014415
100.000000, 9, 0.100336, 0.000000, -0.055576, 0.089109, 0.077231, 0.014415
100.000000, 10, 0.100336, 0.000000, -0.040257, 0.096519, 0.080647, 0.014415
100.000000, 11, 0.100336, 0.000000, -0.027960, 0.100201, 0.078315, 0.014415
100.000000, 12, 0.100336, 0.000000, -0.018087, 0.105124, 0.079506, 0.014415
100.000000, 13, 0.100336, 0.000000, -0.010161, 0.113127, 0.087526, 0.014415
100.000000, 14, 0.100336, 0.000000, -0.003798, 0.122353, 0.098325, 0.014415
100.000000, 15, 0.100336, 0.000000, 0.001311, 0.130497, 0.107204, 0.014415
100.000000, 16, 0.100336, 0.000000, 0.005412, 0.136660, 0.112697, 0.014415
100.000000, 17, 0.100336, 0.000000, 0.008704, 0.141019, 0.115659, 0.014415
100.000000, 18, 0.100336, 0.000000, 0.011347, 0.144205, 0.117311, 0.014415
100.000000, 19, 0.100336, 0.000000, 0.013470, 0.146552, 0.118410, 0.014415
100.000000, 0, 0.103423, 0.000000, -0.538703, 0.002223, 0.001030, 0.014033
100.000000, 1, 0.103423, 0.000000, -0.428197, 0.004302, 0.003676, 0.014033
100.000000, 2, 0.103423, 0.000000, -0.339480, 0.008382, 0.007768, 0.014033
100.000000, 3, 0.103423, 0.000000, -0.268257, 0.014707, 0.013751, 0.014033
100.000000, 4, 0.103423, 0.000000, -0.211078, 0.023310, 0.021679, 0.014033
100.000000, 5, 0.103423, 0.000000, -0.165173, 0.033545, 0.030551, 0.014033
100.000000, 6, 0.103423, 0.000000, -0.128320, 0.044966, 0.039660, 0.014033
100.000000, 7, 0.103423, 0.000000, -0.098734, 0.058714, 0.051374, 0.014033
100.000000, 8, 0.103423, 0.000000, -0.074982, 0.074332, 0.066740, 0.014033
100.000000, 9, 0.103423, 0.000000, -0.055913, 0.087196, 0.079202, 0.014033
100.000000, 10, 0.103423, 0.000000, -0.040605, 0.093947, 0.082216, 0.014033
100.000000, 11, 0.103423, 0.000000, -0.028315, 0.097342, 0.080061, 0.014033
100.000000, 12, 0.103423, 0.000000, -0.018448, 0.102395, 0.082150, 0.014033
100.000000, 13, 0.103423, 0.000000, -0.010527, 0.110603, 0.091088, 0.014033
100.000000, 14, 0.103423, 0.000000, -0.004168, 0.119856, 0.102307, 0.014033
100.000000, 15, 0.103423, 0.000000, 0.000938, 0.127868, 0.111175, 0.014033
100.000000, 16, 0.103423, 0.000000, 0.005036, 0.133849, 0.116523, 0.014033
100.000000, 17, 0.103423, 0.000000, 0.008327, 0.138054, 0.119386, 0.014033
100.000000, 18, 0.103423, 0.000000, 0.010968, 0.141127, 0.121018, 0.014033
100.000000, 19, 0.103423, 0.000000, 0.013089, 0.143404, 0.122147, 0.014033
100.000000, 0, 0.106510, 0.000000, -0.538742, 0.002170, 0.001055, 0.013643
100.000000, 1, 0.106510, 0.000000, -0.428306, 0.004200, 0.003765, 0.013643
100.000000, 2, 0.106510, 0.000000, -0.339646, 0.008177, 0.007955, 0.013643
100.000000, 3, 0.106510, 0.000000, -0.268468, 0.014348, 0.014085, 0.013643
100.000000, 4, 0.106510, 0.000000, -0.211325, 0.022734, 0.022205, 0.013643
100.000000, 5, 0.106510, 0.000000, -0.165450, 0.032686, 0.031270, 0.013643
100.000000, 6, 0.106510, 0.000000, -0.128620, 0.043876, 0.040673, 0.013643
100.000000, 7, 0.106510, 0.000000, -0.099053, 0.057524, 0.052940, 0.013643
100.000000, 8, 0.106510, 0.000000, -0.075316, 0.072902, 0.068751, 0.013643
100.000000, 9, 0.106510, 0.000000, -0.056259, 0.085159, 0.081035, 0.013643
100.000000, 10, 0.106510, 0.000000, -0.040961, 0.091266, 0.083667, 0.013643
100.000000, 11, 0.106510, 0.000000, -0.028678, 0.094440, 0.081795, 0.013643
100.000000, 12, 0.106510, 0.000000, -0.018818, 0.099659, 0.084840, 0.013643
100.000000, 13, 0.106510, 0.000000, -0.010902, 0.108050, 0.094655, 0.013643
100.000000, 14, 0.106510, 0.000000, -0.004547, 0.117285, 0.106210, 0.013643
100.000000, 15, 0.106510, 0.000000, 0.000555, 0.125127, 0.115011, 0.013643
100.000000, 16, 0.106510, 0.000000, 0.004651, 0.130909, 0.120200, 0.013643
100.000000, 17, 0.106510, 0.000000, 0.007940, 0.134955, 0.122975, 0.013643
100.000000, 18, 0.106510, 0.000000, 0.010580, 0.137916, 0.124603, 0.013643
100.000000, 19, 0.106510, 0.000000, 0.012699, 0.140125, 0.125778, 0.013643
100.000000, 0, 0.109598, 0.000000, -0.538782, 0.002116, 0.001080, 0.013243
100.000000, 1, 0.109598, 0.000000, -0.428418, 0.004095, 0.003852, 0.013243
100.000000, 2, 0.109598, 0.000000, -0.339815, 0.007967, 0.008136, 0.013243
100.000000, 3, 0.109598, 0.000000, -0.268684, 0.013982, 0.014410, 0.013243
100.000000, 4, 0.109598, 0.000000, -0.211578, 0.022142, 0.022715, 0.013243
100.000000, 5, 0.109598, 0.000000, -0.165733, 0.031808, 0.031963, 0.013243
100.000000, 6, 0.109598, 0.000000, -0.128928, 0.042772, 0.041667, 0.013243
100.000000, 7, 0.109598, 0.000000, -0.099380, 0.056310, 0.054488, 0.013243
100.000000, 8, 0.109598, 0.000000, -0.075658, 0.071399, 0.070685, 0.013243
100.000000, 9, 0.109598, 0.000000, -0.056614, 0.082999, 0.082728, 0.013243
100.000000, 10, 0.109598, 0.000000, -0.041325, 0.088490, 0.085013, 0.013243
100.000000, 11, 0.109598, 0.000000, -0.029051, 0.091510, 0.083530, 0.013243
100.000000, 12, 0.109598, 0.000000, -0.019197, 0.096923, 0.087575, 0.013243
100.000000, 13, 0.109598, 0.000000, -0.011286, 0.105464, 0.098209, 0.013243
100.000000, 14, 0.109598, 0.000000, -0.004935, 0.114632, 0.110012, 0.013243
100.000000, 15, 0.109598, 0.000000, 0.000164, 0.122271, 0.118696, 0.013243
100.000000, 16, 0.109598, 0.000000, 0.004257, 0.127838, 0.123720, 0.013243
100.000000, 17, 0.109598, 0.000000, 0.007543, 0.131725, 0.126422, 0.013243
100.000000, 18, 0.109598, 0.000000, 0.010182, 0.134574, 0.128066, 0.013243
100.000000, 19, 0.109598, 0.000000, 0.012300, 0.136714, 0.129301, 0.013243
100.000000, 0, 0.112685, 0.000000, -0.538823, 0.002061, 0.001105, 0.012834
100.000000, 1, 0.112685, 0.000000, -0.428532, 0.003987, 0.003937, 0.012834
100.000000, 2, 0.112685, 0.000000, -0.339989, 0.007753, 0.008312, 0.012834
100.000000, 3, 0.112685, 0.000000, -0.268905, 0.013607, 0.014725, 0.012834
100.000000, 4, 0.112685, 0.000000, -0.211837, 0.021537, 0.023206, 0.012834
100.000000, 5, 0.112685, 0.000000, -0.166023, 0.030912, 0.032631, 0.012834
100.000000, 6, 0.112685, 0.000000, -0.129242, 0.041656, 0.042642, 0.012834
100.000000, 7, 0.112685, 0.000000, -0.099713, 0.055069, 0.056014, 0.012834
100.000000, 8, 0.112685, 0.000000, -0.076008, 0.069816, 0.072535, 0.012834
100.000000, 9, 0.112685, 0.000000, -0.056976, 0.080721, 0.084279, 0.012834
100.000000, 10, 0.112685, 0.000000, -0.041697, 0.085635, 0.086269, 0.012834
100.000000, 11, 0.112685, 0.000000, -0.029431, 0.088570, 0.085278, 0.012834
100.000000, 12, 0.112685, 0.000000, -0.019584, 0.094190, 0.090349, 0.012834
100.000000, 13, 0.112685, 0.000000, -0.011678, 0.102841, 0.101730, 0.012834
100.000000, 14, 0.112685, 0.000000, -0.005331, 0.111891, 0.113697, 0.012834
100.000000, 15, 0.112685, 0.000000, -0.000236, 0.119295, 0.122221, 0.012834
100.000000, 16, 0.112685, 0.000000, 0.003854, 0.124638, 0.127081, 0.012834
100.000000, 17, 0.112685, 0.000000, 0.007138, 0.128364, 0.129728, 0.012834
100.000000, 18, 0.112685, 0.000000, 0.009775, 0.131103, 0.131406, 0.012834
100.000000, 19, 0.112685, 0.000000, 0.011891, 0.133174, 0.132715, 0.012834
100.000000, 0, 0.115772, 0.000000, -0.538865, 0.002004, 0.001128, 0.012417
100.000000, 1, 0.115772, 0.000000, -0.428649, 0.003877, 0.004018, 0.012417
100.000000, 2, 0.115772, 0.000000, -0.340166, 0.007535, 0.008482, 0.012417
100.000000, 3, 0.115772, 0.000000, -0.269130, 0.013225, 0.015029, 0.012417
100.000000, 4, 0.115772, 0.000000, -0.212102, 0.020917, 0.023679, 0.012417
100.000000, 5, 0.115772, 0.000000, -0.166318, 0.030000, 0.033273, 0.012417
100.000000, 6, 0.115772, 0.000000, -0.129562, 0.040530, 0.043599, 0.012417
100.000000, 7, 0.115772, 0.000000, -0.100054, 0.053799, 0.057512, 0.012417
100.000000, 8, 0.115772, 0.000000, -0.076364, 0.068149, 0.074292, 0.012417
100.000000, 9, 0.115772, 0.000000, -0.057346, 0.078331, 0.085691, 0.012417
100.000000, 10, 0.115772, 0.000000, -0.042078, 0.082717, 0.087448, 0.012417
100.000000, 11, 0.115772, 0.000000, -0.029820, 0.085632, 0.087050, 0.012417
100.000000, 12, 0.115772, 0.000000, -0.019979, 0.091463, 0.093153, 0.012417
100.000000, 13, 0.115772, 0.000000, -0.012079, 0.100175, 0.105198, 0.012417
100.000000, 14, 0.115772, 0.000000, -0.005736, 0.109056, 0.117244, 0.012417
100.000000, 15, 0.115772, 0.000000, -0.000645, 0.116198, 0.125577, 0.012417
100.000000, 16, 0.115772, 0.000000, 0.003443, 0.121311, 0.130279, 0.012417
100.000000, 17, 0.115772, 0.000000, 0.006725, 0.124878, 0.132893, 0.012417
100.000000, 18, 0.115772, 0.000000, 0.009360, 0.127508, 0.134623, 0.012417
100.000000, 19, 0.115772, 0.000000, 0.011475, 0.129510, 0.136016, 0.012417
100.000000, 0, 0.118859, 0.000000, -0.538907, 0.001947, 0.001151, 0.011991
100.000000, 1, 0.118859, 0.000000, -0.428768, 0.003765, 0.004097, 0.011991
100.000000, 2, 0.118859, 0.000000, -0.340346, 0.007313, 0.008646, 0.011991
100.000000, 3, 0.118859, 0.000000, -0.269360, 0.012834, 0.015324, 0.011991
100.000000, 4, 0.118859, 0.000000, -0.212371, 0.020284, 0.024133, 0.011991
100.000000, 5, 0.118859, 0.000000, -0.166619, 0.029074, 0.033890, 0.011991
100.000000, 6, 0.118859, 0.000000, -0.129889, 0.039394, 0.044538, 0.011991
100.000000, 7, 0.118859, 0.000000, -0.100401, 0.052495, 0.058977, 0.011991
100.000000, 8, 0.118859, 0.000000, -0.076728, 0.066395, 0.075949, 0.011991
100.000000, 9, 0.118859, 0.000000, -0.057723, 0.075837, 0.086968, 0.011991
100.000000, 10, 0.118859, 0.000000, -0.042465, 0.079753, 0.088565, 0.011991
100.000000, 11, 0.118859, 0.000000, -0.030216, 0.082706, 0.088851, 0.011991
100.000000, 12, 0.118859, 0.000000, -0.020382, 0.088740, 0.095976, 0.011991
100.000000, 13, 0.118859, 0.000000, -0.012487, 0.097458, 0.108593, 0.011991
100.000000, 14, 0.118859, 0.000000, -0.006149, 0.106122, 0.120639, 0.011991
100.000000, 15, 0.118859, 0.000000, -0.001061, 0.112979, 0.128756, 0.011991
100.000000, 16, 0.118859, 0.000000, 0.003024, 0.117859, 0.133315, 0.011991
100.000000, 17, 0.118859, 0.000000, 0.006303, 0.121271, 0.135916, 0.011991
100.000000, 18, 0.118859, 0.000000, 0.008936, 0.123796, 0.137714, 0.011991
100.000000, 19, 0.118859, 0.000000, 0.011050, 0.125728, 0.139202, 0.011991
100.000000, 0, 0.121947, 0.000000, -0.538950, 0.001888, 0.001173, 0.011558
100.000000, 1, 0.121947, 0.000000, -0.428889, 0.003651, 0.004173, 0.011558
100.000000, 2, 0.121947, 0.000000, -0.340530, 0.007087, 0.008804, 0.011558
100.000000, 3, 0.121947, 0.000000, -0.269594, 0.012437, 0.015607, 0.011558
100.000000, 4, 0.121947, 0.000000, -0.212645, 0.019638, 0.024567, 0.011558
100.000000, 5, 0.121947, 0.000000, -0.166926, 0.028136, 0.034482, 0.011558
100.000000, 6, 0.121947, 0.000000, -0.130222, 0.038250, 0.045460, 0.011558
100.000000, 7, 0.121947, 0.000000, -0.100755, 0.051154, 0.060403, 0.011558
100.000000, 8, 0.121947, 0.000000, -0.077098, 0.064554, 0.077500, 0.011558
100.000000, 9, 0.121947, 0.000000, -0.058107, 0.073253, 0.088117, 0.011558
100.000000, 10, 0.121947, 0.000000, -0.042860, 0.076760, 0.089637, 0.011558
100.000000, 11, 0.121947, 0.000000, -0.030619, 0.079799, 0.090686, 0.011558
100.000000, 12, 0.121947, 0.000000, -0.020792, 0.086017, 0.098802, 0.011558
100.000000, 13, 0.121947, 0.000000, -0.012903, 0.094682, 0.111894, 0.011558
100.000000, 14, 0.121947, 0.000000, -0.006570, 0.103084, 0.123869, 0.011558
100.000000, 15, 0.121947, 0.000000, -0.001485, 0.109641, 0.131757, 0.011558
100.000000, 16, 0.121947, 0.000000, 0.002597, 0.114291, 0.136189, 0.011558
100.000000, 17, 0.121947, 0.000000, 0.005874, 0.117552, 0.138799, 0.011558
100.000000, 18, 0.121947, 0.000000, 0.008505, 0.119973, 0.140680, 0.011558
100.000000, 19, 0.121947, 0.000000, 0.010618, 0.121834, 0.142268, 0.011558
100.000000, 0, 0.125034, 0.000000, -0.538994, 0.001828, 0.001195, 0.011118
100.000000, 1, 0.125034, 0.000000, -0.429012, 0.003534, 0.004247, 0.011118
100.000000, 2, 0.125034, 0.000000, -0.340717, 0.006857, 0.008956, 0.011118
100.000000, 3, 0.125034, 0.000000, -0.269832, 0.012033, 0.015881, 0.011118
100.000000, 4, 0.125034, 0.000000, -0.212924, 0.018980, 0.024983, 0.011118
100.000000, 5, 0.125034, 0.000000, -0.167238, 0.027186, 0.035051, 0.011118
100.000000, 6, 0.125034, 0.000000, -0.130560, 0.037094, 0.046364, 0.011118
100.000000, 7, 0.125034, 0.000000, -0.101114, 0.049771, 0.061786, 0.011118
100.000000, 8, 0.125034, 0.000000, -0.077475, 0.062630, 0.078940, 0.011118
100.000000, 9, 0.125034, 0.000000, -0.058497, 0.070596, 0.089147, 0.011118
100.000000, 10, 0.125034, 0.000000, -0.043261, 0.073755, 0.090675, 0.011118
100.000000, 11, 0.125034, 0.000000, -0.031029, 0.076914, 0.092554, 0.011118
100.000000, 12, 0.125034, 0.000000, -0.021209, 0.083282, 0.101617, 0.011118
100.000000, 13, 0.125034, 0.000000, -0.013326, 0.091835, 0.115084, 0.011118
100.000000, 14, 0.125034, 0.000000, -0.006996, 0.099938, 0.126926, 0.011118
100.000000, 15, 0.125034, 0.000000, -0.001915, 0.106187, 0.134578, 0.011118
100.000000, 16, 0.125034, 0.000000, 0.002164, 0.110611, 0.138905, 0.011118
100.000000, 17, 0.125034, 0.000000, 0.005439, 0.113727, 0.141545, 0.011118
100.000000, 18, 0.125034, 0.000000, 0.008068, 0.116048, 0.143520, 0.011118
100.000000, 19, 0.125034, 0.000000, 0.010178, 0.117836, 0.145210, 0.011118
100.000000, 0, 0.128121, 0.000000, -0.539039, 0.001767, 0.001215, 0.010672
100.000000, 1, 0.128121, 0.000000, -0.429137, 0.003416, 0.004318, 0.010672
100.000000, 2, 0.128121, 0.000000, -0.340906, 0.006623, 0.009103, 0.010672
100.000000, 3, 0.128121, 0.000000, -0.270073, 0.011621, 0.016143, 0.010672
100.000000, 4, 0.128121, 0.000000, -0.213207, 0.018311, 0.025378, 0.010672
100.000000, 5, 0.128121, 0.000000, -0.167554, 0.026228, 0.035596, 0.010672
100.000000, 6, 0.128121, 0.000000, -0.130903, 0.035932, 0.047248, 0.010672
100.000000, 7, 0.128121, 0.000000, -0.101479, 0.048346, 0.063119, 0.010672
100.000000, 8, 0.128121, 0.000000, -0.077856, 0.060616, 0.080269, 0.010672
100.000000, 9, 0.128121, 0.000000, -0.058892, 0.067868, 0.090067, 0.010672
100.000000, 10, 0.128121, 0.000000, -0.043667, 0.070747, 0.091692, 0.010672
100.000000, 11, 0.128121, 0.000000, -0.031445, 0.074059, 0.094451, 0.010672
100.000000, 12, 0.128121, 0.000000, -0.021632, 0.080539, 0.104402, 0.010672
100.000000, 13, 0.128121, 0.000000, -0.013754, 0.088918, 0.118147, 0.010672
100.000000, 14, 0.128121, 0.000000, -0.007430, 0.096687, 0.129804, 0.010672
100.000000, 15, 0.128121, 0.000000, -0.002352, 0.102622, 0.137223, 0.010672
100.000000, 16, 0.128121, 0.000000, 0.001724, 0.106829, 0.141467, 0.010672
100.000000, 17, 0.128121, 0.000000, 0.004996, 0.109807, 0.144155, 0.010672
100.000000, 18, 0.128121, 0.000000, 0.007623, 0.112029, 0.146232, 0.010672
100.000000, 19, 0.128121, 0.000000, 0.009732, 0.113742, 0.148024, 0.010672
100.000000, 0, 0.131208, 0.000000, -0.539084, 0.001705, 0.001235, 0.010219
100.000000, 1, 0.131208, 0.000000, -0.429264, 0.003296, 0.004386, 0.010219
100.000000, 2, 0.131208, 0.000000, -0.341098, 0.006386, 0.009243, 0.010219
100.000000, 3, 0.131208, 0.000000, -0.270317, 0.011204, 0.016394, 0.010219
100.000000, 4, 0.131208, 0.000000, -0.213493, 0.017630, 0.025754, 0.010219
100.000000, 5, 0.131208, 0.000000, -0.167874, 0.025261, 0.036118, 0.010219
100.000000, 6, 0.131208, 0.000000, -0.131250, 0.034763, 0.048114, 0.010219
100.000000, 7, 0.131208, 0.000000, -0.101848, 0.046878, 0.064396, 0.010219
100.000000, 8, 0.131208, 0.000000, -0.078243, 0.058515, 0.081480, 0.010219
100.000000, 9, 0.131208, 0.000000, -0.059293, 0.065076, 0.090889, 0.010219
100.000000, 10, 0.131208, 0.000000, -0.044079, 0.067746, 0.092702, 0.010219
100.000000, 11, 0.131208, 0.000000, -0.031866, 0.071235, 0.096374, 0.010219
100.000000, 12, 0.131208, 0.000000, -0.022060, 0.077784, 0.107138, 0.010219
100.000000, 13, 0.131208, 0.000000, -0.014188, 0.085929, 0.121065, 0.010219
100.000000, 14, 0.131208, 0.000000, -0.007869, 0.093335, 0.132498, 0.010219
100.000000, 15, 0.131208, 0.000000, -0.002795, 0.098956, 0.139694, 0.010219
100.000000, 16, 0.131208, 0.000000, 0.001278, 0.102954, 0.143880, 0.010219
100.000000, 17, 0.131208, 0.000000, 0.004548, 0.105801, 0.146633, 0.010219
100.000000, 18, 0.131208, 0.000000, 0.007173, 0.107926, 0.148815, 0.010219
100.000000, 19, 0.131208, 0.000000, 0.009281, 0.109563, 0.150706, 0.010219
100.000000, 0, 0.134296, 0.000000, -0.539130, 0.001642, 0.001254, 0.009762
100.000000, 1, 0.134296, 0.000000, -0.429392, 0.003173, 0.004451, 0.009762
100.000000, 2, 0.134296, 0.000000, -0.341292, 0.006146, 0.009378, 0.009762
100.000000, 3, 0.134296, 0.000000, -0.270565, 0.010780, 0.016634, 0.009762
100.000000, 4, 0.134296, 0.000000, -0.213783, 0.016941, 0.026110, 0.009762
100.000000, 5, 0.134296, 0.000000, -0.168198, 0.024287, 0.036619, 0.009762
100.000000, 6, 0.134296, 0.000000, -0.131601, 0.033578, 0.048958, 0.009762
100.000000, 7, 0.134296, 0.000000, -0.102221, 0.045360, 0.065609, 0.009762
100.000000, 8, 0.134296, 0.000000, -0.078634, 0.056348, 0.082574, 0.009762
100.000000, 9, 0.134296, 0.000000, -0.059698, 0.062262, 0.091625, 0.009762
100.000000, 10, 0.134296, 0.000000, -0.044496, 0.064774, 0.093716, 0.009762
100.000000, 11, 0.134296, 0.000000, -0.032291, 0.068425, 0.098316, 0.009762
100.000000, 12, 0.134296, 0.000000, -0.022493, 0.074982, 0.109806, 0.009762
100.000000, 13, 0.134296, 0.000000, -0.014627, 0.082847, 0.123824, 0.009762
100.000000, 14, 0.134296, 0.000000, -0.008312, 0.089878, 0.135005, 0.009762
100.000000, 15, 0.134296, 0.000000, -0.003243, 0.095195, 0.141997, 0.009762
100.000000, 16, 0.134296, 0.000000, 0.000827, 0.098997, 0.146151, 0.009762
100.000000, 17, 0.134296, 0.000000, 0.004095, 0.101720, 0.148980, 0.009762
100.000000, 18, 0.134296, 0.000000, 0.006718, 0.103751, 0.151268, 0.009762
100.000000, 19, 0.134296, 0.000000, 0.008824, 0.105311, 0.153252, 0.009762
100.000000, 0, 0.137383, 0.000000, -0.539176, 0.001578, 0.001272, 0.009300
100.000000, 1, 0.137383, 0.000000, -0.429521, 0.003049, 0.004514, 0.009300
100.000000, 2, 0.137383, 0.000000, -0.341488, 0.005903, 0.009506, 0.009300
100.000000, 3, 0.137383, 0.000000, -0.270814, 0.010351, 0.016863, 0.009300
100.000000, 4, 0.137383, 0.000000, -0.214076, 0.016242, 0.026445, 0.009300
100.000000, 5, 0.137383, 0.000000, -0.168525, 0.023307, 0.037098, 0.009300
100.000000, 6, 0.137383, 0.000000, -0.131956, 0.032379, 0.049778, 0.009300
100.000000, 7, 0.137383, 0.000000, -0.102598, 0.043795, 0.066757, 0.009300
100.000000, 8, 0.137383, 0.000000, -0.079029, 0.054116, 0.083556, 0.009300
100.000000, 9, 0.137383, 0.000000, -0.060108, 0.059427, 0.092280, 0.009300
100.000000, 10, 0.137383, 0.000000, -0.044917, 0.061822, 0.094726, 0.009300
100.000000, 11, 0.137383, 0.000000, -0.032722, 0.065623, 0.100255, 0.009300
100.000000, 12, 0.137383, 0.000000, -0.022931, 0.072137, 0.112389, 0.009300
100.000000, 13, 0.137383, 0.000000, -0.015071, 0.079682, 0.126423, 0.009300
100.000000, 14, 0.137383, 0.000000, -0.008761, 0.086329, 0.137336, 0.009300
100.000000, 15, 0.137383, 0.000000, -0.003695, 0.091352, 0.144145, 0.009300
100.000000, 16, 0.137383, 0.000000, 0.000372, 0.094970, 0.148286, 0.009300
100.000000, 17, 0.137383, 0.000000, 0.003637, 0.097574, 0.151201, 0.009300
100.000000, 18, 0.137383, 0.000000, 0.006259, 0.099513, 0.153593, 0.009300
100.000000, 19, 0.137383, 0.000000, 0.008363, 0.100997, 0.155663, 0.009300
100.000000, 0, 0.140470, 0.000000, -0.539222, 0.001513, 0.001290, 0.008834
100.000000, 1, 0.140470, 0.000000, -0.429651, 0.002924, 0.004574, 0.008834
100.000000, 2, 0.140470, 0.000000, -0.341686, 0.005656, 0.009628, 0.008834
100.000000, 3, 0.140470, 0.000000, -0.271066, 0.009916, 0.017081, 0.008834
100.000000, 4, 0.140470, 0.000000, -0.214371, 0.015536, 0.026761, 0.008834
100.000000, 5, 0.140470, 0.000000, -0.168855, 0.022320, 0.037556, 0.008834
100.000000, 6, 0.140470, 0.000000, -0.132314, 0.031165, 0.050574, 0.008834
100.000000, 7, 0.140470, 0.000000, -0.102979, 0.042184, 0.067835, 0.008834
100.000000, 8, 0.140470, 0.000000, -0.079427, 0.051829, 0.084425, 0.008834
100.000000, 9, 0.140470, 0.000000, -0.060520, 0.056582, 0.092870, 0.008834
100.000000, 10, 0.140470, 0.000000, -0.045341, 0.058893, 0.095747, 0.008834
100.000000, 11, 0.140470, 0.000000, -0.033155, 0.062820, 0.102190, 0.008834
100.000000, 12, 0.140470, 0.000000, -0.023372, 0.069243, 0.114872, 0.008834
100.000000, 13, 0.140470, 0.000000, -0.015518, 0.076436, 0.128852, 0.008834
100.000000, 14, 0.140470, 0.000000, -0.009213, 0.082698, 0.139490, 0.008834
100.000000, 15, 0.140470, 0.000000, -0.004151, 0.087438, 0.146140, 0.008834
100.000000, 16, 0.140470, 0.000000, -0.000087, 0.090881, 0.150290, 0.008834
100.000000, 17, 0.140470, 0.000000, 0.003176, 0.093371, 0.153297, 0.008834
100.000000, 18, 0.140470, 0.000000, 0.005795, 0.095221, 0.155789, 0.008834
100.000000, 19, 0.140470, 0.000000, 0.007898, 0.096629, 0.157939, 0.008834
100.000000, 0, 0.143557, 0.000000, -0.539269, 0.001447, 0.001307, 0.008365
100.000000, 1, 0.143557, 0.000000, -0.429783, 0.002797, 0.004630, 0.008365
100.000000, 2, 0.143557, 0.000000, -0.341885, 0.005407, 0.009744, 0.008365
100.000000, 3, 0.143557, 0.000000, -0.271319, 0.009476, 0.017287, 0.008365
100.000000, 4, 0.143557, 0.000000, -0.214668, 0.014823, 0.027057, 0.008365
100.000000, 5, 0.143557, 0.000000, -0.169187, 0.021328, 0.037994, 0.008365
100.000000, 6, 0.143557, 0.000000, -0.132675, 0.029931, 0.051344, 0.008365
100.000000, 7, 0.143557, 0.000000, -0.103362, 0.040524, 0.068841, 0.008365
100.000000, 8, 0.143557, 0.000000, -0.079829, 0.049501, 0.085189, 0.008365
100.000000, 9, 0.143557, 0.000000, -0.060936, 0.053749, 0.093403, 0.008365
100.000000, 10, 0.143557, 0.000000, -0.045769, 0.055997, 0.096771, 0.008365
100.000000, 11, 0.143557, 0.000000, -0.033592, 0.060008, 0.104096, 0.008365
100.000000, 12, 0.143557, 0.000000, -0.023817, 0.066284, 0.117240, 0.008365
100.000000, 13, 0.143557, 0.000000, -0.015969, 0.073102, 0.131115, 0.008365
100.000000, 14, 0.143557, 0.000000, -0.009668, 0.078985, 0.141481, 0.008365
100.000000, 15, 0.143557, 0.000000, -0.004610, 0.083458, 0.147995, 0.008365
100.000000, 16, 0.143557, 0.000000, -0.000549, 0.086737, 0.152169, 0.008365
100.000000, 17, 0.143557, 0.000000, 0.002711, 0.089119, 0.155270, 0.008365
100.000000, 18, 0.143557, 0.000000, 0.005328, 0.090882, 0.157858, 0.008365
100.000000, 19, 0.143557, 0.000000, 0.007429, 0.092218, 0.160080, 0.008365
100.000000, 0, 0.146645, 0.000000, -0.539316, 0.001380, 0.001322, 0.007893
100.000000, 1, 0.146645, 0.000000, -0.429915, 0.002668, 0.004684, 0.007893
100.000000, 2, 0.146645, 0.000000, -0.342085, 0.005155, 0.009854, 0.007893
100.000000, 3, 0.146645, 0.000000, -0.271574, 0.009030, 0.017481, 0.007893
100.000000, 4, 0.146645, 0.000000, -0.214967, 0.014103, 0.027333, 0.007893
100.000000, 5, 0.146645, 0.000000, -0.169522, 0.020332, 0.038411, 0.007893
100.000000, 6, 0.146645, 0.000000, -0.133037, 0.028685, 0.052083, 0.007893
100.000000, 7, 0.146645, 0.000000, -0.103747, 0.038822, 0.069773, 0.007893
100.000000, 8, 0.146645, 0.000000, -0.080232, 0.047125, 0.085853, 0.007893
100.000000, 9, 0.146645, 0.000000, -0.061354, 0.050911, 0.093889, 0.007893
100.000000, 10, 0.146645, 0.000000, -0.046199, 0.053121, 0.097795, 0.007893
100.000000, 11, 0.146645, 0.000000, -0.034032, 0.057190, 0.105961, 0.007893
100.000000, 12, 0.146645, 0.000000, -0.024264, 0.063278, 0.119485, 0.007893
100.000000, 13, 0.146645, 0.000000, -0.016422, 0.069700, 0.133212, 0.007893
100.000000, 14, 0.146645, 0.000000, -0.010126, 0.075207, 0.143314, 0.007893
100.000000, 15, 0.146645, 0.000000, -0.005072, 0.079425, 0.149716, 0.007893
100.000000, 16, 0.146645, 0.000000, -0.001014, 0.082546, 0.153928, 0.007893
100.000000, 17, 0.146645, 0.000000, 0.002243, 0.084824, 0.157124, 0.007893
100.000000, 18, 0.146645, 0.000000, 0.004858, 0.086502, 0.159801, 0.007893
100.000000, 19, 0.146645, 0.000000, 0.006958, 0.087769, 0.162090, 0.007893
100.000000, 0, 0.149732, 0.000000, -0.539364, 0.001313, 0.001337, 0.007418
100.000000, 1, 0.149732, 0.000000, -0.430048, 0.002538, 0.004735, 0.007418
100.000000, 2, 0.149732, 0.000000, -0.342287, 0.004901, 0.009957, 0.007418
100.000000, 3, 0.149732, 0.000000, -0.271831, 0.008581, 0.017663, 0.007418
100.000000, 4, 0.149732, 0.000000, -0.215268, 0.013378, 0.027590, 0.007418
100.000000, 5, 0.149732, 0.000000, -0.169858, 0.019332, 0.038808, 0.007418
100.000000, 6, 0.149732, 0.000000, -0.133402, 0.027423, 0.052791, 0.007418
100.000000, 7, 0.149732, 0.000000, -0.104135, 0.037079, 0.070627, 0.007418
100.000000, 8, 0.149732, 0.000000, -0.080638, 0.044709, 0.086421, 0.007418
100.000000, 9, 0.149732, 0.000000, -0.061775, 0.048077, 0.094334, 0.007418
100.000000, 10, 0.149732, 0.000000, -0.046631, 0.050268, 0.098820, 0.007418
100.000000, 11, 0.149732, 0.000000, -0.034474, 0.054362, 0.107777, 0.007418
100.000000, 12, 0.149732, 0.000000, -0.024713, 0.060219, 0.121599, 0.007418
100.000000, 13, 0.149732, 0.000000, -0.016877, 0.066231, 0.135144, 0.007418
100.000000, 14, 0.149732, 0.000000, -0.010587, 0.071370, 0.144997, 0.007418
100.000000, 15, 0.149732, 0.000000, -0.005536, 0.075345, 0.151310, 0.007418
100.000000, 16, 0.149732, 0.000000, -0.001482, 0.078315, 0.155571, 0.007418
100.000000, 17, 0.149732, 0.000000, 0.001773, 0.080491, 0.158862, 0.007418
100.000000, 18, 0.149732, 0.000000, 0.004386, 0.082086, 0.161623, 0.007418
100.000000, 19, 0.149732, 0.000000, 0.006484, 0.083288, 0.163972, 0.007418
100.000000, 0, 0.152819, 0.000000, -0.539411, 0.001244, 0.001352, 0.006941
100.000000, 1, 0.152819, 0.000000, -0.430181, 0.002406, 0.004782, 0.006941
100.000000, 2, 0.152819, 0.000000, -0.342489, 0.004645, 0.010054, 0.006941
100.000000, 3, 0.152819, 0.000000, -0.272088, 0.008126, 0.017833, 0.006941
100.000000, 4, 0.152819, 0.000000, -0.215570, 0.012647, 0.027827, 0.006941
100.000000, 5, 0.152819, 0.000000, -0.170195, 0.018329, 0.039186, 0.006941
100.000000, 6, 0.152819, 0.000000, -0.133768, 0.026144, 0.053466, 0.006941
100.000000, 7, 0.152819, 0.000000, -0.104524, 0.035294, 0.071402, 0.006941
100.000000, 8, 0.152819, 0.000000, -0.081046, 0.042266, 0.086899, 0.006941
100.000000, 9, 0.152819, 0.000000, -0.062197, 0.045261, 0.094745, 0.006941
100.000000, 10, 0.152819, 0.000000, -0.047066, 0.047438, 0.099839, 0.006941
100.000000, 11, 0.152819, 0.000000, -0.034917, 0.051514, 0.109530, 0.006941
100.000000, 12, 0.152819, 0.000000, -0.025165, 0.057101, 0.123575, 0.006941
100.000000, 13, 0.152819, 0.000000, -0.017335, 0.062697, 0.136916, 0.006941
100.000000, 14, 0.152819, 0.000000, -0.011049, 0.067480, 0.146538, 0.006941
100.000000, 15, 0.152819, 0.000000, -0.006003, 0.071224, 0.152784, 0.006941
100.000000, 16, 0.152819, 0.000000, -0.001952, 0.074050, 0.157102, 0.006941
100.000000, 17, 0.152819, 0.000000, 0.001301, 0.076125, 0.160485, 0.006941
100.000000, 18, 0.152819, 0.000000, 0.003912, 0.077640, 0.163325, 0.006941
100.000000, 19, 0.152819, 0.000000, 0.006008, 0.078779, 0.165732, 0.006941
100.000000, 0, 0.155906, 0.000000, -0.539459, 0.001175, 0.001365, 0.006463
100.000000, 1, 0.155906, 0.000000, -0.430315, 0.002273, 0.004827, 0.006463
100.000000, 2, 0.155906, 0.000000, -0.342692, 0.004386, 0.010145, 0.006463
100.000000, 3, 0.155906, 0.000000, -0.272347, 0.007668, 0.017991, 0.006463
100.000000, 4, 0.155906, 0.000000, -0.215873, 0.011912, 0.028045, 0.006463
100.000000, 5, 0.155906, 0.000000, -0.170534, 0.017324, 0.039543, 0.006463
100.000000, 6, 0.155906, 0.000000, -0.134136, 0.024847, 0.054104, 0.006463
100.000000, 7, 0.155906, 0.000000, -0.104914, 0.033472, 0.072098, 0.006463
100.000000, 8, 0.155906, 0.000000, -0.081455, 0.039801, 0.087294, 0.006463
100.000000, 9, 0.155906, 0.000000, -0.062621, 0.042462, 0.095127, 0.006463
100.000000, 10, 0.155906, 0.000000, -0.047502, 0.044626, 0.100847, 0.006463
100.000000, 11, 0.155906, 0.000000, -0.035363, 0.048644, 0.111209, 0.006463
100.000000, 12, 0.155906, 0.000000, -0.025618, 0.053926, 0.125412, 0.006463
100.000000, 13, 0.155906, 0.000000, -0.017795, 0.059103, 0.138533, 0.006463
100.000000, 14, 0.155906, 0.000000, -0.011514, 0.063544, 0.147943, 0.006463
100.000000, 15, 0.155906, 0.000000, -0.006471, 0.067069, 0.154142, 0.006463
100.000000, 16, 0.155906, 0.000000, -0.002423, 0.069753, 0.158523, 0.006463
100.000000, 17, 0.155906, 0.000000, 0.000827, 0.071730, 0.161996, 0.006463
100.000000, 18, 0.155906, 0.000000, 0.003436, 0.073164, 0.164912, 0.006463
100.000000, 19, 0.155906, 0.000000, 0.005530, 0.074244, 0.167372, 0.006463
100.000000, 0, 0.158994, 0.000000, -0.539507, 0.001106, 0.001378, 0.005983
100.000000, 1, 0.158994, 0.000000, -0.430449, 0.002139, 0.004868, 0.005983
100.000000, 2, 0.158994, 0.000000, -0.342896, 0.004126, 0.010230, 0.005983
100.000000, 3, 0.158994, 0.000000, -0.272606, 0.007206, 0.018136, 0.005983
100.000000, 4, 0.158994, 0.000000, -0.216177, 0.011174, 0.028244, 0.005983
100.000000, 5, 0.158994, 0.000000, -0.170874, 0.016316, 0.039881, 0.005983
100.000000, 6, 0.158994, 0.000000, -0.134505, 0.023533, 0.054704, 0.005983
100.000000, 7, 0.158994, 0.000000, -0.105306, 0.031615, 0.072714, 0.005983
100.000000, 8, 0.158994, 0.000000, -0.081866, 0.037319, 0.087611, 0.005983
100.000000, 9, 0.158994, 0.000000, -0.063047, 0.039684, 0.095485, 0.005983
100.000000, 10, 0.158994, 0.000000, -0.047939, 0.041831, 0.101836, 0.005983
100.000000, 11, 0.158994, 0.000000, -0.035810, 0.045748, 0.112805, 0.005983
100.000000, 12, 0.158994, 0.000000, -0.026073, 0.050695, 0.127105, 0.005983
100.000000, 13, 0.158994, 0.000000, -0.018256, 0.055456, 0.139998, 0.005983
100.000000, 14, 0.158994, 0.000000, -0.011980, 0.059567, 0.149218, 0.005983
100.000000, 15, 0.158994, 0.000000, -0.006941, 0.062883, 0.155387, 0.005983
100.000000, 16, 0.158994, 0.000000, -0.002896, 0.065429, 0.159837, 0.005983
100.000000, 17, 0.158994, 0.000000, 0.000351, 0.067307, 0.163397, 0.005983
100.000000, 18, 0.158994, 0.000000, 0.002958, 0.068662, 0.166385, 0.005983
100.000000, 19, 0.158994, 0.000000, 0.005051, 0.069683, 0.168898, 0.005983
100.000000, 0, 0.162081, 0.000000, -0.539555, 0.001035, 0.001390, 0.005501
100.000000, 1, 0.162081, 0.000000, -0.430584, 0.002004, 0.004906, 0.005501
100.000000, 2, 0.162081, 0.000000, -0.343100, 0.003864, 0.010308, 0.005501
100.000000, 3, 0.162081, 0.000000, -0.272866, 0.006741, 0.018269, 0.005501
100.000000, 4, 0.162081, 0.000000, -0.216482, 0.010433, 0.028424, 0.005501
100.000000, 5, 0.162081, 0.000000, -0.171215, 0.015306, 0.040198, 0.005501
100.000000, 6, 0.162081, 0.000000, -0.134874, 0.022200, 0.055263, 0.005501
100.000000, 7, 0.162081, 0.000000, -0.105699, 0.029727, 0.073250, 0.005501
100.000000, 8, 0.162081, 0.000000, -0.082277, 0.034829, 0.087856, 0.005501
100.000000, 9, 0.162081, 0.000000, -0.063474, 0.036931, 0.095818, 0.005501
100.000000, 10, 0.162081, 0.000000, -0.048378, 0.039049, 0.102799, 0.005501
100.000000, 11, 0.162081, 0.000000, -0.036258, 0.042823, 0.114310, 0.005501
100.000000, 12, 0.162081, 0.000000, -0.026529, 0.047411, 0.128655, 0.005501
100.000000, 13, 0.162081, 0.000000, -0.018718, 0.051760, 0.141317, 0.005501
100.000000, 14, 0.162081, 0.000000, -0.012447, 0.055556, 0.150368, 0.005501
100.000000, 15, 0.162081, 0.000000, -0.007413, 0.058671, 0.156523, 0.005501
100.000000, 16, 0.162081, 0.000000, -0.003371, 0.061080, 0.161045, 0.005501
100.000000, 17, 0.162081, 0.000000, -0.000126, 0.062858, 0.164689, 0.005501
100.000000, 18, 0.162081, 0.000000, 0.002479, 0.064132, 0.167747, 0.005501
100.000000, 19, 0.162081, 0.000000, 0.004570, 0.065095, 0.170312, 0.005501
100.000000, 0, 0.165168, 0.000000, -0.539603, 0.000964, 0.001401, 0.005018
100.000000, 1, 0.165168, 0.000000, -0.430719, 0.001867, 0.004941, 0.005018
100.000000, 2, 0.165168, 0.000000, -0.343305, 0.003600, 0.010380, 0.005018
100.000000, 3, 0.165168, 0.000000, -0.273127, 0.006272, 0.018390, 0.005018
100.000000, 4, 0.165168, 0.000000, -0.216788, 0.009691, 0.028586, 0.005018
100.000000, 5, 0.165168, 0.000000, -0.171557, 0.014294, 0.040495, 0.005018
100.000000, 6, 0.165168, 0.000000, -0.135245, 0.020849, 0.055778, 0.005018
100.000000, 7, 0.165168, 0.000000, -0.106094, 0.027812, 0.073708, 0.005018
100.000000, 8, 0.165168, 0.000000, -0.082690, 0.032335, 0.088035, 0.005018
100.000000, 9, 0.165168, 0.000000, -0.063901, 0.034201, 0.096130, 0.005018
100.000000, 10, 0.165168, 0.000000, -0.048817, 0.036277, 0.103729, 0.005018
100.000000, 11, 0.165168, 0.000000, -0.036708, 0.039869, 0.115717, 0.005018
100.000000, 12, 0.165168, 0.000000, -0.026986, 0.044078, 0.130060, 0.005018
100.000000, 13, 0.165168, 0.000000, -0.019181, 0.048021, 0.142492, 0.005018
100.000000, 14, 0.165168, 0.000000, -0.012915, 0.051513, 0.151396, 0.005018
100.000000, 15, 0.165168, 0.000000, -0.007885, 0.054434, 0.157551, 0.005018
100.000000, 16, 0.165168, 0.000000, -0.003847, 0.056708, 0.162146, 0.005018
100.000000, 17, 0.165168, 0.000000, -0.000604, 0.058385, 0.165873, 0.005018
100.000000, 18, 0.165168, 0.000000, 0.001998, 0.059576, 0.168998, 0.005018
100.000000, 19, 0.165168, 0.000000, 0.004088, 0.060479, 0.171616, 0.005018
100.000000, 0, 0.168256, 0.000000, -0.539652, 0.000892, 0.001411, 0.004535
100.000000, 1, 0.168256, 0.000000, -0.430854, 0.001730, 0.004973, 0.004535
100.000000, 2, 0.168256, 0.000000, -0.343510, 0.003335, 0.010446, 0.004535
100.000000, 3, 0.168256, 0.000000, -0.273389, 0.005800, 0.018498, 0.004535
100.000000, 4, 0.168256, 0.000000, -0.217094, 0.008947, 0.028730, 0.004535
100.000000, 5, 0.168256, 0.000000, -0.171900, 0.013279, 0.040771, 0.004535
100.000000, 6, 0.168256, 0.000000, -0.135617, 0.019479, 0.056249, 0.004535
100.000000, 7, 0.168256, 0.000000, -0.106488, 0.025873, 0.074089, 0.004535
100.000000, 8, 0.168256, 0.000000, -0.083104, 0.029843, 0.088154, 0.004535
100.000000, 9, 0.168256, 0.000000, -0.064330, 0.031497, 0.096418, 0.004535
100.000000, 10, 0.168256, 0.000000, -0.049258, 0.033511, 0.104618, 0.004535
100.000000, 11, 0.168256, 0.000000, -0.037158, 0.036884, 0.117020, 0.004535
100.000000, 12, 0.168256, 0.000000, -0.027444, 0.040699, 0.131322, 0.004535
100.000000, 13, 0.168256, 0.000000, -0.019646, 0.044244, 0.143529, 0.004535
100.000000, 14, 0.168256, 0.000000, -0.013385, 0.047444, 0.152305, 0.004535
100.000000, 15, 0.168256, 0.000000, -0.008358, 0.050176, 0.158470, 0.004535
100.000000, 16, 0.168256, 0.000000, -0.004323, 0.052315, 0.163141, 0.004535
100.000000, 17, 0.168256, 0.000000, -0.001084, 0.053887, 0.166947, 0.004535
100.000000, 18, 0.168256, 0.000000, 0.001517, 0.054992, 0.170139, 0.004535
100.000000, 19, 0.168256, 0.000000, 0.003605, 0.055832, 0.172808, 0.004535
100.000000, 0, 0.171343, 0.000000, -0.539700, 0.000820, 0.001421, 0.004050
100.000000, 1, 0.171343, 0.000000, -0.430990, 0.001592, 0.005002, 0.004050
100.000000, 2, 0.171343, 0.000000, -0.343716, 0.003068, 0.010505, 0.004050
100.000000, 3, 0.171343, 0.000000, -0.273650, 0.005327, 0.018594, 0.004050
100.000000, 4, 0.171343, 0.000000, -0.217401, 0.008203, 0.028856, 0.004050
100.000000, 5, 0.171343, 0.000000, -0.172243, 0.012262, 0.041025, 0.004050
100.000000, 6, 0.171343, 0.000000, -0.135989, 0.018092, 0.056673, 0.004050
100.000000, 7, 0.171343, 0.000000, -0.106884, 0.023914, 0.074394, 0.004050
100.000000, 8, 0.171343, 0.000000, -0.083518, 0.027358, 0.088217, 0.004050
100.000000, 9, 0.171343, 0.000000, -0.064759, 0.028817, 0.096684, 0.004050
100.000000, 10, 0.171343, 0.000000, -0.049700, 0.030748, 0.105460, 0.004050
100.000000, 11, 0.171343, 0.000000, -0.037609, 0.033870, 0.118213, 0.004050
100.000000, 12, 0.171343, 0.000000, -0.027903, 0.037281, 0.132440, 0.004050
100.000000, 13, 0.171343, 0.000000, -0.020111, 0.040434, 0.144430, 0.004050
100.000000, 14, 0.171343, 0.000000, -0.013855, 0.043352, 0.153096, 0.004050
100.000000, 15, 0.171343, 0.000000, -0.008833, 0.045897, 0.159282, 0.004050
100.000000, 16, 0.171343, 0.000000, -0.004801, 0.047901, 0.164027, 0.004050
100.000000, 17, 0.171343, 0.000000, -0.001564, 0.049366, 0.167911, 0.004050
100.000000, 18, 0.171343, 0.000000, 0.001035, 0.050382, 0.171167, 0.004050
100.000000, 19, 0.171343, 0.000000, 0.003121, 0.051155, 0.173887, 0.004050
100.000000, 0, 0.174430, 0.000000, -0.539748, 0.000748, 0.001429, 0.003565
100.000000, 1, 0.174430, 0.000000, -0.431126, 0.001454, 0.005028, 0.003565
100.000000, 2, 0.174430, 0.000000, -0.343922, 0.002800, 0.010558, 0.003565
100.000000, 3, 0.174430, 0.000000, -0.273913, 0.004851, 0.018676, 0.003565
100.000000, 4, 0.174430, 0.000000, -0.217708, 0.007458, 0.028965, 0.003565
100.000000, 5, 0.174430, 0.000000, -0.172586, 0.011243, 0.041258, 0.003565
100.000000, 6, 0.174430, 0.000000, -0.136362, 0.016688, 0.057049, 0.003565
100.000000, 7, 0.174430, 0.000000, -0.107280, 0.021941, 0.074628, 0.003565
100.000000, 8, 0.174430, 0.000000, -0.083933, 0.024883, 0.088228, 0.003565
100.000000, 9, 0.174430, 0.000000, -0.065189, 0.026162, 0.096926, 0.003565
100.000000, 10, 0.174430, 0.000000, -0.050142, 0.027987, 0.106247, 0.003565
100.000000, 11, 0.174430, 0.000000, -0.038061, 0.030828, 0.119293, 0.003565
100.000000, 12, 0.174430, 0.000000, -0.028363, 0.033827, 0.133418, 0.003565
100.000000, 13, 0.174430, 0.000000, -0.020577, 0.036598, 0.145199, 0.003565
100.000000, 14, 0.174430, 0.000000, -0.014326, 0.039239, 0.153772, 0.003565
100.000000, 15, 0.174430, 0.000000, -0.009308, 0.041600, 0.159985, 0.003565
100.000000, 16, 0.174430, 0.000000, -0.005279, 0.043467, 0.164804, 0.003565
100.000000, 17, 0.174430, 0.000000, -0.002045, 0.044823, 0.168763, 0.003565
100.000000, 18, 0.174430, 0.000000, 0.000552, 0.045747, 0.172080, 0.003565
100.000000, 19, 0.174430, 0.000000, 0.002637, 0.046447, 0.174851, 0.003565
100.000000, 0, 0.177517, 0.000000, -0.539797, 0.000675, 0.001437, 0.003079
100.000000, 1, 0.177517, 0.000000, -0.431262, 0.001314, 0.005050, 0.003079
100.000000, 2, 0.177517, 0.000000, -0.344128, 0.002531, 0.010604, 0.003079
100.000000, 3, 0.177517, 0.000000, -0.274175, 0.004373, 0.018746, 0.003079
100.000000, 4, 0.177517, 0.000000, -0.218016, 0.006715, 0.029057, 0.003079
100.000000, 5, 0.177517, 0.000000, -0.172930, 0.010221, 0.041467, 0.003079
100.000000, 6, 0.177517, 0.000000, -0.136735, 0.015269, 0.057376, 0.003079
100.000000, 7, 0.177517, 0.000000, -0.107677, 0.019956, 0.074791, 0.003079
100.000000, 8, 0.177517, 0.000000, -0.084348, 0.022423, 0.088192, 0.003079
100.000000, 9, 0.177517, 0.000000, -0.065620, 0.023529, 0.097141, 0.003079
100.000000, 10, 0.177517, 0.000000, -0.050584, 0.025225, 0.106974, 0.003079
100.000000, 11, 0.177517, 0.000000, -0.038513, 0.027760, 0.120256, 0.003079
100.000000, 12, 0.177517, 0.000000, -0.028823, 0.030343, 0.134257, 0.003079
100.000000, 13, 0.177517, 0.000000, -0.021043, 0.032738, 0.145839, 0.003079
100.000000, 14, 0.177517, 0.000000, -0.014797, 0.035110, 0.154334, 0.003079
100.000000, 15, 0.177517, 0.000000, -0.009783, 0.037288, 0.160578, 0.003079
100.000000, 16, 0.177517, 0.000000, -0.005757, 0.039017, 0.165469, 0.003079
100.000000, 17, 0.177517, 0.000000, -0.002526, 0.040259, 0.169499, 0.003079
100.000000, 18, 0.177517, 0.000000, 0.000069, 0.041087, 0.172876, 0.003079
100.000000, 19, 0.177517, 0.000000, 0.002152, 0.041708, 0.175696, 0.003079
100.000000, 0, 0.180605, 0.000000, -0.539845, 0.000601, 0.001444, 0.002594
100.000000, 1, 0.180605, 0.000000, -0.431397, 0.001175, 0.005069, 0.002594
100.000000, 2, 0.180605, 0.000000, -0.344334, 0.002262, 0.010644, 0.002594
100.000000, 3, 0.180605, 0.000000, -0.274437, 0.003894, 0.018804, 0.002594
100.000000, 4, 0.180605, 0.000000, -0.218323, 0.005972, 0.029132, 0.002594
100.000000, 5, 0.180605, 0.000000, -0.173274, 0.009196, 0.041653, 0.002594
100.000000, 6, 0.180605, 0.000000, -0.137108, 0.013834, 0.057652, 0.002594
100.000000, 7, 0.180605, 0.000000, -0.108073, 0.017963, 0.074887, 0.002594
100.000000, 8, 0.180605, 0.000000, -0.084763, 0.019979, 0.088113, 0.002594
100.000000, 9, 0.180605, 0.000000, -0.066050, 0.020918, 0.097326, 0.002594
100.000000, 10, 0.180605, 0.000000, -0.051027, 0.022460, 0.107634, 0.002594
100.000000, 11, 0.180605, 0.000000, -0.038966, 0.024667, 0.121101, 0.002594
100.000000, 12, 0.180605, 0.000000, -0.029283, 0.026833, 0.134959, 0.002594
100.000000, 13, 0.180605, 0.000000, -0.021509, 0.028861, 0.146354, 0.002594
100.000000, 14, 0.180605, 0.000000, -0.015268, 0.030968, 0.154781, 0.002594
100.000000, 15, 0.180605, 0.000000, -0.010258, 0.032962, 0.161059, 0.002594
100.000000, 16, 0.180605, 0.000000, -0.006236, 0.034551, 0.166019, 0.002594
100.000000, 17, 0.180605, 0.000000, -0.003007, 0.035677, 0.170116, 0.002594
100.000000, 18, 0.180605, 0.000000, -0.000414, 0.036405, 0.173550, 0.002594
100.000000, 19, 0.180605, 0.000000, 0.001667, 0.036942, 0.176417, 0.002594
100.000000, 0, 0.183692, 0.000000, -0.539894, 0.000527, 0.001450, 0.002108
100.000000, 1, 0.183692, 0.000000, -0.431533, 0.001034, 0.005085, 0.002108
100.000000, 2, 0.183692, 0.000000, -0.344540, 0.001991, 0.010677, 0.002108
100.000000, 3, 0.183692, 0.000000, -0.274700, 0.003415, 0.018848, 0.002108
100.000000, 4, 0.183692, 0.000000, -0.218631, 0.005231, 0.029190, 0.002108
100.000000, 5, 0.183692, 0.000000, -0.173618, 0.008170, 0.041814, 0.002108
100.000000, 6, 0.183692, 0.000000, -0.137481, 0.012387, 0.057878, 0.002108
100.000000, 7, 0.183692, 0.000000, -0.108469, 0.015967, 0.074919, 0.002108
100.000000, 8, 0.183692, 0.000000, -0.085179, 0.017556, 0.087992, 0.002108
100.000000, 9, 0.183692, 0.000000, -0.066480, 0.018328, 0.097480, 0.002108
100.000000, 10, 0.183692, 0.000000, -0.051469, 0.019693, 0.108222, 0.002108
100.000000, 11, 0.183692, 0.000000, -0.039418, 0.021555, 0.121826, 0.002108
100.000000, 12, 0.183692, 0.000000, -0.029742, 0.023303, 0.135528, 0.002108
100.000000, 13, 0.183692, 0.000000, -0.021975, 0.024970, 0.146746, 0.002108
100.000000, 14, 0.183692, 0.000000, -0.015740, 0.026817, 0.155115, 0.002108
100.000000, 15, 0.183692, 0.000000, -0.010733, 0.028627, 0.161427, 0.002108
100.000000, 16, 0.183692, 0.000000, -0.006714, 0.030074, 0.166451, 0.002108
100.000000, 17, 0.183692, 0.000000, -0.003488, 0.031080, 0.170610, 0.002108
100.000000, 18, 0.183692, 0.000000, -0.000898, 0.031704, 0.174097, 0.002108
100.000000, 19, 0.183692, 0.000000, 0.001182, 0.032150, 0.177009, 0.002108
100.000000, 0, 0.186779, 0.000000, -0.539942, 0.000453, 0.001455, 0.001623
100.000000, 1, 0.186779, 0.000000, -0.431669, 0.000894, 0.005099, 0.001623
100.000000, 2, 0.186779, 0.000000, -0.344745, 0.001720, 0.010704, 0.001623
100.000000, 3, 0.186779, 0.000000, -0.274962, 0.002935, 0.018881, 0.001623
100.000000, 4, 0.186779, 0.000000, -0.218938, 0.004492, 0.029233, 0.001623
100.000000, 5, 0.186779, 0.000000, -0.173962, 0.007140, 0.041951, 0.001623
100.000000, 6, 0.186779, 0.000000, -0.137853, 0.010929, 0.058053, 0.001623
100.000000, 7, 0.186779, 0.000000, -0.108865, 0.013971, 0.074890, 0.001623
100.000000, 8, 0.186779, 0.000000, -0.085593, 0.015154, 0.087833, 0.001623
100.000000, 9, 0.186779, 0.000000, -0.066910, 0.015758, 0.097600, 0.001623
100.000000, 10, 0.186779, 0.000000, -0.051911, 0.016924, 0.108734, 0.001623
100.000000, 11, 0.186779, 0.000000, -0.039869, 0.018425, 0.122431, 0.001623
100.000000, 12, 0.186779, 0.000000, -0.030202, 0.019757, 0.135968, 0.001623
100.000000, 13, 0.186779, 0.000000, -0.022441, 0.021071, 0.147018, 0.001623
100.000000, 14, 0.186779, 0.000000, -0.016210, 0.022662, 0.155335, 0.001623
100.000000, 15, 0.186779, 0.000000, -0.011208, 0.024286, 0.161680, 0.001623
100.000000, 16, 0.186779, 0.000000, -0.007192, 0.025589, 0.166763, 0.001623
100.000000, 17, 0.186779, 0.000000, -0.003968, 0.026472, 0.170978, 0.001623
100.000000, 18, 0.186779, 0.000000, -0.001380, 0.026988, 0.174513, 0.001623
100.000000, 19, 0.186779, 0.000000, 0.000698, 0.027339, 0.177465, 0.001623
100.000000, 0, 0.189866, 0.000000, -0.539991, 0.000379, 0.001459, 0.001139
100.000000, 1, 0.189866, 0.000000, -0.431804, 0.000753, 0.005109, 0.001139
100.000000, 2, 0.189866, 0.000000, -0.344951, 0.001449, 0.010724, 0.001139
100.000000, 3, 0.189866, 0.000000, -0.275223, 0.002455, 0.018901, 0.001139
100.000000, 4, 0.189866, 0.000000, -0.219245, 0.003755, 0.029259, 0.001139
100.000000, 5, 0.189866, 0.000000, -0.174304, 0.006109, 0.042062, 0.001139
100.000000, 6, 0.189866, 0.000000, -0.138225, 0.009461, 0.058177, 0.001139
100.000000, 7, 0.189866, 0.000000, -0.109260, 0.011977, 0.074802, 0.001139
100.000000, 8, 0.189866, 0.000000, -0.086007, 0.012776, 0.087637, 0.001139
100.000000, 9, 0.189866, 0.000000, -0.067339, 0.013208, 0.097682, 0.001139
100.000000, 10, 0.189866, 0.000000, -0.052352, 0.014152, 0.109165, 0.001139
100.000000, 11, 0.189866, 0.000000, -0.040320, 0.015281, 0.122917, 0.001139
100.000000, 12, 0.189866, 0.000000, -0.030660, 0.016200, 0.136281, 0.001139
100.000000, 13, 0.189866, 0.000000, -0.022905, 0.017168, 0.147173, 0.001139
100.000000, 14, 0.189866, 0.000000, -0.016680, 0.018507, 0.155443, 0.001139
100.000000, 15, 0.189866, 0.000000, -0.011682, 0.019945, 0.161816, 0.001139
100.000000, 16, 0.189866, 0.000000, -0.007669, 0.021101, 0.166952, 0.001139
100.000000, 17, 0.189866, 0.000000, -0.004448, 0.021858, 0.171217, 0.001139
100.000000, 18, 0.189866, 0.000000, -0.001862, 0.022264, 0.174793, 0.001139
100.000000, 19, 0.189866, 0.000000, 0.000215, 0.022514, 0.177781, 0.001139
100.000000, 0, 0.192954, 0.000000, -0.540039, 0.000304, 0.001462, 0.000657
100.000000, 1, 0.192954, 0.000000, -0.431939, 0.000612, 0.005116, 0.000657
100.000000, 2, 0.192954, 0.000000, -0.345156, 0.001177, 0.010738, 0.000657
100.000000, 3, 0.192954, 0.000000, -0.275484, 0.001975, 0.018908, 0.000657
100.000000, 4, 0.192954, 0.000000, -0.219550, 0.003020, 0.029269, 0.000657
100.000000, 5, 0.192954, 0.000000, -0.174646, 0.005075, 0.042146, 0.000657
100.000000, 6, 0.192954, 0.000000, -0.138596, 0.007986, 0.058251, 0.000657
100.000000, 7, 0.192954, 0.000000, -0.109654, 0.009990, 0.074660, 0.000657
100.000000, 8, 0.192954, 0.000000, -0.086420, 0.010423, 0.087406, 0.000657
100.000000, 9, 0.192954, 0.000000, -0.067766, 0.010675, 0.097723, 0.000657
100.000000, 10, 0.192954, 0.000000, -0.052791, 0.011378, 0.109514, 0.000657
100.000000, 11, 0.192954, 0.000000, -0.040769, 0.012126, 0.123285, 0.000657
100.000000, 12, 0.192954, 0.000000, -0.031117, 0.012637, 0.136470, 0.000657
100.000000, 13, 0.192954, 0.000000, -0.023369, 0.013267, 0.147213, 0.000657
100.000000, 14, 0.192954, 0.000000, -0.017148, 0.014358, 0.155438, 0.000657
100.000000, 15, 0.192954, 0.000000, -0.012154, 0.015608, 0.161835, 0.000657
100.000000, 16, 0.192954, 0.000000, -0.008145, 0.016616, 0.167015, 0.000657
100.000000, 17, 0.192954, 0.000000, -0.004926, 0.017244, 0.171322, 0.000657
100.000000, 18, 0.192954, 0.000000, -0.002342, 0.017538, 0.174934, 0.000657
100.000000, 19, 0.192954, 0.000000, -0.000267, 0.017683, 0.177950, 0.000657
100.000000, 0, 0.196041, 0.000000, -0.540087, 0.000229, 0.001465, 0.000176
100.000000, 1, 0.196041, 0.000000, -0.432074, 0.000471, 0.005120, 0.000176
100.000000, 2, 0.196041, 0.000000, -0.345359, 0.000905, 0.010745, 0.000176
100.000000, 3, 0.196041, 0.000000, -0.275744, 0.001496, 0.018904, 0.000176
100.000000, 4, 0.196041, 0.000000, -0.219855, 0.002288, 0.029264, 0.000176
100.000000, 5, 0.196041, 0.000000, -0.174986, 0.004040, 0.042203, 0.000176
100.000000, 6, 0.196041, 0.000000, -0.138965, 0.006505, 0.058275, 0.000176
100.000000, 7, 0.196041, 0.000000, -0.110047, 0.008012, 0.074465, 0.000176
100.000000, 8, 0.196041, 0.000000, -0.086831, 0.008096, 0.087141, 0.000176
100.000000, 9, 0.196041, 0.000000, -0.068192, 0.008159, 0.097721, 0.000176
100.000000, 10, 0.196041, 0.000000, -0.053229, 0.008604, 0.109779, 0.000176
100.000000, 11, 0.196041, 0.000000, -0.041216, 0.008963, 0.123537, 0.000176
100.000000, 12, 0.196041, 0.000000, -0.031572, 0.009071, 0.136541, 0.000176
100.000000, 13, 0.196041, 0.000000, -0.023830, 0.009373, 0.147140, 0.000176
100.000000, 14, 0.196041, 0.000000, -0.017614, 0.010219, 0.155321, 0.000176
100.000000, 15, 0.196041, 0.000000, -0.012624, 0.011281, 0.161737, 0.000176
100.000000, 16, 0.196041, 0.000000, -0.008618, 0.012139, 0.166952, 0.000176
100.000000, 17, 0.196041, 0.000000, -0.005402, 0.012637, 0.171293, 0.000176
100.000000, 18, 0.196041, 0.000000, -0.002820, 0.012818, 0.174932, 0.000176
100.000000, 19, 0.196041, 0.000000, -0.000747, 0.012857, 0.177971, 0.000176
100.000000, 0, 0.199128, 0.000000, -0.540134, 0.000154, 0.001466, -0.000302
100.000000, 1, 0.199128, 0.000000, -0.432208, 0.000330, 0.005121, -0.000302
100.000000, 2, 0.199128, 0.000000, -0.345562, 0.000633, 0.010746, -0.000302
100.000000, 3, 0.199128, 0.000000, -0.276002, 0.001018, 0.018888, -0.000302
100.000000, 4, 0.199128, 0.000000, -0.220158, 0.001559, 0.029243, -0.000302
100.000000, 5, 0.199128, 0.000000, -0.175325, 0.003002, 0.042234, -0.000302
100.000000, 6, 0.199128, 0.000000, -0.139333, 0.005021, 0.058250, -0.000302
100.000000, 7, 0.199128, 0.000000, -0.110437, 0.006046, 0.074221, -0.000302
100.000000, 8, 0.199128, 0.000000, -0.087240, 0.005795, 0.086842, -0.000302
100.000000, 9, 0.199128, 0.000000, -0.068616, 0.005660, 0.097671, -0.000302
100.000000, 10, 0.199128, 0.000000, -0.053665, 0.005830, 0.109957, -0.000302
100.000000, 11, 0.199128, 0.000000, -0.041662, 0.005796, 0.123675, -0.000302
100.000000, 12, 0.199128, 0.000000, -0.032025, 0.005507, 0.136496, -0.000302
100.000000, 13, 0.199128, 0.000000, -0.024289, 0.005490, 0.146956, -0.000302
100.000000, 14, 0.199128, 0.000000, -0.018079, 0.006096, 0.155094, -0.000302
100.000000, 15, 0.199128, 0.000000, -0.013092, 0.006970, 0.161520, -0.000302
100.000000, 16, 0.199128, 0.000000, -0.009090, 0.007677, 0.166762, -0.000302
100.000000, 17, 0.199128, 0.000000, -0.005876, 0.008045, 0.171128, -0.000302
100.000000, 18, 0.199128, 0.000000, -0.003296, 0.008112, 0.174787, -0.000302
100.000000, 19, 0.199128, 0.000000, -0.001225, 0.008044, 0.177841, -0.000302
100.000000, 0, 0.202215, 0.000000, -0.540182, 0.000079, 0.001466, -0.000778
100.000000, 1, 0.202215, 0.000000, -0.432341, 0.000189, 0.005119, -0.000778
100.000000, 2, 0.202215, 0.000000, -0.345764, 0.000361, 0.010740, -0.000778
100.000000, 3, 0.202215, 0.000000, -0.276259, 0.000542, 0.018860, -0.000778
100.000000, 4, 0.202215, 0.000000, -0.220459, 0.000833, 0.029207, -0.000778
100.000000, 5, 0.202215, 0.000000, -0.175662, 0.001964, 0.042236, -0.000778
100.000000, 6, 0.202215, 0.000000, -0.139698, 0.003535, 0.058177, -0.000778
100.000000, 7, 0.202215, 0.000000, -0.110825, 0.004094, 0.073931, -0.000778
100.000000, 8, 0.202215, 0.000000, -0.087646, 0.003522, 0.086509, -0.000778
100.000000, 9, 0.202215, 0.000000, -0.069037, 0.003177, 0.097573, -0.000778
100.000000, 10, 0.202215, 0.000000, -0.054098, 0.003056, 0.110047, -0.000778
100.000000, 11, 0.202215, 0.000000, -0.042104, 0.002628, 0.123701, -0.000778
100.000000, 12, 0.202215, 0.000000, -0.032476, 0.001951, 0.136338, -0.000778
100.000000, 13, 0.202215, 0.000000, -0.024746, 0.001624, 0.146665, -0.000778
100.000000, 14, 0.202215, 0.000000, -0.018540, 0.001993, 0.154756, -0.000778
100.000000, 15, 0.202215, 0.000000, -0.013558, 0.002681, 0.161187, -0.000778
100.000000, 16, 0.202215, 0.000000, -0.009558, 0.003236, 0.166446, -0.000778
100.000000, 17, 0.202215, 0.000000, -0.006347, 0.003474, 0.170828, -0.000778
100.000000, 18, 0.202215, 0.000000, -0.003769, 0.003429, 0.174498, -0.000778
100.000000, 19, 0.202215, 0.000000, -0.001699, 0.003255, 0.177560, -0.000778
100.000000, 0, 0.205303, 0.000000, -0.540229, 0.000003, 0.001466, -0.001250
100.000000, 1, 0.205303, 0.000000, -0.432473, 0.000048, 0.005114, -0.001250
100.000000, 2, 0.205303, 0.000000, -0.345964, 0.000089, 0.010727, -0.001250
100.000000, 3, 0.205303, 0.000000, -0.276514, 0.000067, 0.018821, -0.001250
100.000000, 4, 0.205303, 0.000000, -0.220758, 0.000111, 0.029155, -0.001250
100.000000, 5, 0.205303, 0.000000, -0.175996, 0.000925, 0.042210, -0.001250
100.000000, 6, 0.205303, 0.000000, -0.140060, 0.002051, 0.058057, -0.001250
100.000000, 7, 0.205303, 0.000000, -0.111211, 0.002158, 0.073596, -0.001250
100.000000, 8, 0.205303, 0.000000, -0.088050, 0.001277, 0.086144, -0.001250
100.000000, 9, 0.205303, 0.000000, -0.069456, 0.000710, 0.097423, -0.001250
100.000000, 10, 0.205303, 0.000000, -0.054528, 0.000286, 0.110049, -0.001250
100.000000, 11, 0.205303, 0.000000, -0.042544, -0.000536, 0.123619, -0.001250
100.000000, 12, 0.205303, 0.000000, -0.032923, -0.001593, 0.136071, -0.001250
100.000000, 13, 0.205303, 0.000000, -0.025199, -0.002223, 0.146268, -0.001250
100.000000, 14, 0.205303, 0.000000, -0.018998, -0.002085, 0.154311, -0.001250
100.000000, 15, 0.205303, 0.000000, -0.014020, -0.001581, 0.160738, -0.001250
100.000000, 16, 0.205303, 0.000000, -0.010023, -0.001176, 0.166005, -0.001250
100.000000, 17, 0.205303, 0.000000, -0.006815, -0.001068, 0.170395, -0.001250
100.000000, 18, 0.205303, 0.000000, -0.004239, -0.001223, 0.174069, -0.001250
100.000000, 19, 0.205303, 0.000000, -0.002171, -0.001500, 0.177131, -0.001250
100.000000, 0, 0.208390, 0.000000, -0.540276, -0.000072, 0.001464, -0.001718
100.000000, 1, 0.208390, 0.000000, -0.432604, -0.000093, 0.005106, -0.001718
100.000000, 2, 0.208390, 0.000000, -0.346163, -0.000182, 0.010708, -0.001718
100.000000, 3, 0.208390, 0.000000, -0.276767, -0.000405, 0.018771, -0.001718
100.000000, 4, 0.208390, 0.000000, -0.221054, -0.000608, 0.029088, -0.001718
100.000000, 5, 0.208390, 0.000000, -0.176328, -0.000114, 0.042155, -0.001718
100.000000, 6, 0.208390, 0.000000, -0.140420, 0.000569, 0.057892, -0.001718
100.000000, 7, 0.208390, 0.000000, -0.111593, 0.000239, 0.073220, -0.001718
100.000000, 8, 0.208390, 0.000000, -0.088450, -0.000941, 0.085745, -0.001718
100.000000, 9, 0.208390, 0.000000, -0.069871, -0.001742, 0.097220, -0.001718
100.000000, 10, 0.208390, 0.000000, -0.054955, -0.002480, 0.109964, -0.001718
100.000000, 11, 0.208390, 0.000000, -0.042980, -0.003694, 0.123432, -0.001718
100.000000, 12, 0.208390, 0.000000, -0.033366, -0.005121, 0.135699, -0.001718
100.000000, 13, 0.208390, 0.000000, -0.025648, -0.006044, 0.145768, -0.001718
100.000000, 14, 0.208390, 0.000000, -0.019452, -0.006134, 0.153761, -0.001718
100.000000, 15, 0.208390, 0.000000, -0.014478, -0.005810, 0.160176, -0.001718
100.000000, 16, 0.208390, 0.000000, -0.010485, -0.005556, 0.165443, -0.001718
100.000000, 17, 0.208390, 0.000000, -0.007279, -0.005575, 0.169832, -0.001718
100.000000, 18, 0.208390, 0.000000, -0.004705, -0.005837, 0.173502, -0.001718
100.000000, 19, 0.208390, 0.000000, -0.002638, -0.006213, 0.176559, -0.001718
100.000000, 0, 0.211477, 0.000000, -0.540322, -0.000147, 0.001462, -0.002182
100.000000, 1, 0.211477, 0.000000, -0.432734, -0.000233, 0.005095, -0.002182
100.000000, 2, 0.211477, 0.000000, -0.346360, -0.000453, 0.010682, -0.002182
100.000000, 3, 0.211477, 0.000000, -0.277018, -0.000875, 0.018709, -0.002182
100.000000, 4, 0.211477, 0.000000, -0.221348, -0.001324, 0.029006, -0.002182
100.000000, 5, 0.211477, 0.000000, -0.176656, -0.001153, 0.042072, -0.002182
100.000000, 6, 0.211477, 0.000000, -0.140777, -0.000908, 0.057684, -0.002182
100.000000, 7, 0.211477, 0.000000, -0.111972, -0.001660, 0.072803, -0.002182
100.000000, 8, 0.211477, 0.000000, -0.088847, -0.003132, 0.085312, -0.002182
100.000000, 9, 0.211477, 0.000000, -0.070282, -0.004178, 0.096962, -0.002182
100.000000, 10, 0.211477, 0.000000, -0.055377, -0.005240, 0.109790, -0.002182
100.000000, 11, 0.211477, 0.000000, -0.043412, -0.006842, 0.123141, -0.002182
100.000000, 12, 0.211477, 0.000000, -0.033806, -0.008630, 0.135226, -0.002182
100.000000, 13, 0.211477, 0.000000, -0.026094, -0.009836, 0.145169, -0.002182
100.000000, 14, 0.211477, 0.000000, -0.019903, -0.010150, 0.153107, -0.002182
100.000000, 15, 0.211477, 0.000000, -0.014932, -0.010003, 0.159504, -0.002182
100.000000, 16, 0.211477, 0.000000, -0.010942, -0.009897, 0.164763, -0.002182
100.000000, 17, 0.211477, 0.000000, -0.007738, -0.010041, 0.169144, -0.002182
100.000000, 18, 0.211477, 0.000000, -0.005166, -0.010408, 0.172804, -0.002182
100.000000, 19, 0.211477, 0.000000, -0.003102, -0.010877, 0.175849, -0.002182
100.000000, 0, 0.214564, 0.000000, -0.540368, -0.000222, 0.001458, -0.002642
100.000000, 1, 0.214564, 0.000000, -0.432862, -0.000373, 0.005082, -0.002642
100.000000, 2, 0.214564, 0.000000, -0.346555, -0.000722, 0.010650, -0.002642
100.000000, 3, 0.214564, 0.000000, -0.277266, -0.001342, 0.018637, -0.002642
100.000000, 4, 0.214564, 0.000000, -0.221639, -0.002036, 0.028908, -0.002642
100.000000, 5, 0.214564, 0.000000, -0.176982, -0.002191, 0.041960, -0.002642
100.000000, 6, 0.214564, 0.000000, -0.141129, -0.002379, 0.057432, -0.002642
100.000000, 7, 0.214564, 0.000000, -0.112347, -0.003539, 0.072349, -0.002642
100.000000, 8, 0.214564, 0.000000, -0.089240, -0.005295, 0.084845, -0.002642
100.000000, 9, 0.214564, 0.000000, -0.070689, -0.006599, 0.096646, -0.002642
100.000000, 10, 0.214564, 0.000000, -0.055796, -0.007991, 0.109529, -0.002642
100.000000, 11, 0.214564, 0.000000, -0.043840, -0.009976, 0.122750, -0.002642
100.000000, 12, 0.214564, 0.000000, -0.034241, -0.012114, 0.134654, -0.002642
100.000000, 13, 0.214564, 0.000000, -0.026535, -0.013597, 0.144474, -0.002642
100.000000, 14, 0.214564, 0.000000, -0.020348, -0.014129, 0.152353, -0.002642
100.000000, 15, 0.214564, 0.000000, -0.015382, -0.014156, 0.158725, -0.002642
100.000000, 16, 0.214564, 0.000000, -0.011394, -0.014195, 0.163968, -0.002642
100.000000, 17, 0.214564, 0.000000, -0.008193, -0.014462, 0.168334, -0.002642
100.000000, 18, 0.214564, 0.000000, -0.005623, -0.014929, 0.171979, -0.002642
100.000000, 19, 0.214564, 0.000000, -0.003560, -0.015488, 0.175008, -0.002642
100.000000, 0, 0.217652, 0.000000, -0.540413, -0.000298, 0.001454, -0.003096
100.000000, 1, 0.217652, 0.000000, -0.432989, -0.000512, 0.005065, -0.003096
100.000000, 2, 0.217652, 0.000000, -0.346748, -0.000991, 0.010612, -0.003096
100.000000, 3, 0.217652, 0.000000, -0.277511, -0.001806, 0.018555, -0.003096
100.000000, 4, 0.217652, 0.000000, -0.221927, -0.002743, 0.028794, -0.003096
100.000000, 5, 0.217652, 0.000000, -0.177303, -0.003226, 0.041820, -0.003096
100.000000, 6, 0.217652, 0.000000, -0.141479, -0.003840, 0.057140, -0.003096
100.000000, 7, 0.217652, 0.000000, -0.112718, -0.005396, 0.071858, -0.003096
100.000000, 8, 0.217652, 0.000000, -0.089628, -0.007430, 0.084342, -0.003096
100.000000, 9, 0.217652, 0.000000, -0.071092, -0.009003, 0.096273, -0.003096
100.000000, 10, 0.217652, 0.000000, -0.056210, -0.010733, 0.109182, -0.003096
100.000000, 11, 0.217652, 0.000000, -0.044263, -0.013093, 0.122263, -0.003096
100.000000, 12, 0.217652, 0.000000, -0.034671, -0.015571, 0.133986, -0.003096
100.000000, 13, 0.217652, 0.000000, -0.026971, -0.017322, 0.143685, -0.003096
100.000000, 14, 0.217652, 0.000000, -0.020789, -0.018069, 0.151503, -0.003096
100.000000, 15, 0.217652, 0.000000, -0.015827, -0.018265, 0.157843, -0.003096
100.000000, 16, 0.217652, 0.000000, -0.011842, -0.018446, 0.163063, -0.003096
100.000000, 17, 0.217652, 0.000000, -0.008644, -0.018833, 0.167409, -0.003096
100.000000, 18, 0.217652, 0.000000, -0.006076, -0.019397, 0.171033, -0.003096
100.000000, 19, 0.217652, 0.000000, -0.004014, -0.020042, 0.174042, -0.003096
100.000000, 0, 0.220739, 0.000000, -0.540458, -0.000372, 0.001449, -0.003545
100.000000, 1, 0.220739, 0.000000, -0.433115, -0.000651, 0.005046, -0.003545
100.000000, 2, 0.220739, 0.000000, -0.346938, -0.001259, 0.010567, -0.003545
100.000000, 3, 0.220739, 0.000000, -0.277754, -0.002266, 0.018461, -0.003545
100.000000, 4, 0.220739, 0.000000, -0.222212, -0.003447, 0.028665, -0.003545
100.000000, 5, 0.220739, 0.000000, -0.177622, -0.004259, 0.041650, -0.003545
100.000000, 6, 0.220739, 0.000000, -0.141824, -0.005292, 0.056808, -0.003545
100.000000, 7, 0.220739, 0.000000, -0.113085, -0.007230, 0.071332, -0.003545
100.000000, 8, 0.220739, 0.000000, -0.090013, -0.009540, 0.083805, -0.003545
100.000000, 9, 0.220739, 0.000000, -0.071490, -0.011391, 0.095840, -0.003545
100.000000, 10, 0.220739, 0.000000, -0.056619, -0.013462, 0.108750, -0.003545
100.000000, 11, 0.220739, 0.000000, -0.044681, -0.016191, 0.121681, -0.003545
100.000000, 12, 0.220739, 0.000000, -0.035097, -0.018999, 0.133228, -0.003545
100.000000, 13, 0.220739, 0.000000, -0.027403, -0.021010, 0.142805, -0.003545
100.000000, 14, 0.220739, 0.000000, -0.021225, -0.021966, 0.150557, -0.003545
100.000000, 15, 0.220739, 0.000000, -0.016266, -0.022328, 0.156860, -0.003545
100.000000, 16, 0.220739, 0.000000, -0.012285, -0.022647, 0.162052, -0.003545
100.000000, 17, 0.220739, 0.000000, -0.009089, -0.023150, 0.166371, -0.003545
100.000000, 18, 0.220739, 0.000000, -0.006523, -0.023809, 0.169970, -0.003545
100.000000, 19, 0.220739, 0.000000, -0.004463, -0.024534, 0.172956, -0.003545
100.000000, 0, 0.223826, 0.000000, -0.540502, -0.000447, 0.001443, -0.003990
100.000000, 1, 0.223826, 0.000000, -0.433239, -0.000790, 0.005024, -0.003990
100.000000, 2, 0.223826, 0.000000, -0.347127, -0.001525, 0.010515, -0.003990
100.000000, 3, 0.223826, 0.000000, -0.277994, -0.002723, 0.018358, -0.003990
100.000000, 4, 0.223826, 0.000000, -0.222493, -0.004146, 0.028521, -0.003990
100.000000, 5, 0.223826, 0.000000, -0.177936, -0.005288, 0.041452, -0.003990
100.000000, 6, 0.223826, 0.000000, -0.142165, -0.006731, 0.056437, -0.003990
100.000000, 7, 0.223826, 0.000000, -0.113447, -0.009041, 0.070772, -0.003990
100.000000, 8, 0.223826, 0.000000, -0.090392, -0.011622, 0.083231, -0.003990
100.000000, 9, 0.223826, 0.000000, -0.071883, -0.013760, 0.095349, -0.003990
100.000000, 10, 0.223826, 0.000000, -0.057024, -0.016176, 0.108234, -0.003990
100.000000, 11, 0.223826, 0.000000, -0.045095, -0.019266, 0.121008, -0.003990
100.000000, 12, 0.223826, 0.000000, -0.035518, -0.022393, 0.132380, -0.003990
100.000000, 13, 0.223826, 0.000000, -0.027829, -0.024658, 0.141837, -0.003990
100.000000, 14, 0.223826, 0.000000, -0.021656, -0.025817, 0.149521, -0.003990
100.000000, 15, 0.223826, 0.000000, -0.016701, -0.026341, 0.155781, -0.003990
100.000000, 16, 0.223826, 0.000000, -0.012723, -0.026797, 0.160939, -0.003990
100.000000, 17, 0.223826, 0.000000, -0.009529, -0.027412, 0.165228, -0.003990
100.000000, 18, 0.223826, 0.000000, -0.006965, -0.028162, 0.168799, -0.003990
100.000000, 19, 0.223826, 0.000000, -0.004906, -0.028963, 0.171759, -0.003990
100.000000, 0, 0.226913, 0.000000, -0.540546, -0.000521, 0.001435, -0.004428
100.000000, 1, 0.226913, 0.000000, -0.433362, -0.000927, 0.004999, -0.004428
100.000000, 2, 0.226913, 0.000000, -0.347313, -0.001790, 0.010457, -0.004428
100.000000, 3, 0.226913, 0.000000, -0.278231, -0.003177, 0.018244, -0.004428
100.000000, 4, 0.226913, 0.000000, -0.222771, -0.004841, 0.028360, -0.004428
100.000000, 5, 0.226913, 0.000000, -0.178247, -0.006313, 0.041226, -0.004428
100.000000, 6, 0.226913, 0.000000, -0.142502, -0.008158, 0.056030, -0.004428
100.000000, 7, 0.226913, 0.000000, -0.113805, -0.010828, 0.070179, -0.004428
100.000000, 8, 0.226913, 0.000000, -0.090767, -0.013679, 0.082619, -0.004428
100.000000, 9, 0.226913, 0.000000, -0.072272, -0.016111, 0.094797, -0.004428
100.000000, 10, 0.226913, 0.000000, -0.057423, -0.018872, 0.107635, -0.004428
100.000000, 11, 0.226913, 0.000000, -0.045503, -0.022315, 0.120246, -0.004428
100.000000, 12, 0.226913, 0.000000, -0.035933, -0.025753, 0.131446, -0.004428
100.000000, 13, 0.226913, 0.000000, -0.028250, -0.028263, 0.140784, -0.004428
100.000000, 14, 0.226913, 0.000000, -0.022082, -0.029622, 0.148396, -0.004428
100.000000, 15, 0.226913, 0.000000, -0.017130, -0.030304, 0.154608, -0.004428
100.000000, 16, 0.226913, 0.000000, -0.013155, -0.030893, 0.159728, -0.004428
100.000000, 17, 0.226913, 0.000000, -0.009963, -0.031617, 0.163983, -0.004428
100.000000, 18, 0.226913, 0.000000, -0.007401, -0.032455, 0.167524, -0.004428
100.000000, 19, 0.226913, 0.000000, -0.005344, -0.033327, 0.170456, -0.004428
100.000000, 0, 0.230001, 0.000000, -0.540590, -0.000596, 0.001427, -0.004861
100.000000, 1, 0.230001, 0.000000, -0.433483, -0.001064, 0.004971, -0.004861
100.000000, 2, 0.230001, 0.000000, -0.347497, -0.002053, 0.010394, -0.004861
100.000000, 3, 0.230001, 0.000000, -0.278465, -0.003626, 0.018121, -0.004861
100.000000, 4, 0.230001, 0.000000, -0.223045, -0.005531, 0.028184, -0.004861
100.000000, 5, 0.230001, 0.000000, -0.178553, -0.007332, 0.040972, -0.004861
100.000000, 6, 0.230001, 0.000000, -0.142835, -0.009569, 0.055588, -0.004861
100.000000, 7, 0.230001, 0.000000, -0.114159, -0.012590, 0.069553, -0.004861
100.000000, 8, 0.230001, 0.000000, -0.091138, -0.015710, 0.081970, -0.004861
100.000000, 9, 0.230001, 0.000000, -0.072656, -0.018442, 0.094185, -0.004861
100.000000, 10, 0.230001, 0.000000, -0.057818, -0.021548, 0.106956, -0.004861
100.000000, 11, 0.230001, 0.000000, -0.045906, -0.025337, 0.119399, -0.004861
100.000000, 12, 0.230001, 0.000000, -0.036343, -0.029076, 0.130428, -0.004861
100.000000, 13, 0.230001, 0.000000, -0.028666, -0.031825, 0.139647, -0.004861
100.000000, 14, 0.230001, 0.000000, -0.022502, -0.033379, 0.147184, -0.004861
100.000000, 15, 0.230001, 0.000000, -0.017554, -0.034216, 0.153344, -0.004861
100.000000, 16, 0.230001, 0.000000, -0.013582, -0.034934, 0.158423, -0.004861
100.000000, 17, 0.230001, 0.000000, -0.010392, -0.035763, 0.162642, -0.004861
100.000000, 18, 0.230001, 0.000000, -0.007832, -0.036687, 0.166150, -0.004861
100.000000, 19, 0.230001, 0.000000, -0.005777, -0.037628, 0.169055, -0.004861
100.000000, 0, 0.233088, 0.000000, -0.540632, -0.000669, 0.001419, -0.005289
100.000000, 1, 0.233088, 0.000000, -0.433603, -0.001200, 0.004940, -0.005289
100.000000, 2, 0.233088, 0.000000, -0.347678, -0.002314, 0.010323, -0.005289
100.000000, 3, 0.233088, 0.000000, -0.278696, -0.004072, 0.017988, -0.005289
100.000000, 4, 0.233088, 0.000000, -0.223316, -0.006216, 0.027993, -0.005289
100.000000, 5, 0.233088, 0.000000, -0.178856, -0.008345, 0.040690, -0.005289
100.000000, 6, 0.233088, 0.000000, -0.143163, -0.010965, 0.055111, -0.005289
100.000000, 7, 0.233088, 0.000000, -0.114508, -0.014328, 0.068896, -0.005289
100.000000, 8, 0.233088, 0.000000, -0.091503, -0.017716, 0.081282, -0.005289
100.000000, 9, 0.233088, 0.000000, -0.073034, -0.020751, 0.093514, -0.005289
100.000000, 10, 0.233088, 0.000000, -0.058207, -0.024202, 0.106200, -0.005289
100.000000, 11, 0.233088, 0.000000, -0.046304, -0.028328, 0.118468, -0.005289
100.000000, 12, 0.233088, 0.000000, -0.036748, -0.032361, 0.129329, -0.005289
100.000000, 13, 0.233088, 0.000000, -0.029076, -0.035342, 0.138429, -0.005289
100.000000, 14, 0.233088, 0.000000, -0.022917, -0.037086, 0.145888, -0.005289
100.000000, 15, 0.233088, 0.000000, -0.017972, -0.038075, 0.151993, -0.005289
100.000000, 16, 0.233088, 0.000000, -0.014003, -0.038919, 0.157027, -0.005289
100.000000, 17, 0.233088, 0.000000, -0.010816, -0.039852, 0.161208, -0.005289
100.000000, 18, 0.233088, 0.000000, -0.008257, -0.040859, 0.164683, -0.005289
100.000000, 19, 0.233088, 0.000000, -0.006203, -0.041867, 0.167558, -0.005289
100.000000, 0, 0.236175, 0.000000, -0.540674, -0.000743, 0.001409, -0.005710
100.000000, 1, 0.236175, 0.000000, -0.433721, -0.001335, 0.004907, -0.005710
100.000000, 2, 0.236175, 0.000000, -0.347857, -0.002573, 0.010247, -0.005710
100.000000, 3, 0.236175, 0.000000, -0.278924, -0.004513, 0.017845, -0.005710
100.000000, 4, 0.236175, 0.000000, -0.223583, -0.006896, 0.027785, -0.005710
100.000000, 5, 0.236175, 0.000000, -0.179155, -0.009351, 0.040380, -0.005710
100.000000, 6, 0.236175, 0.000000, -0.143487, -0.012345, 0.054602, -0.005710
100.000000, 7, 0.236175, 0.000000, -0.114852, -0.016039, 0.068207, -0.005710
100.000000, 8, 0.236175, 0.000000, -0.091864, -0.019696, 0.080555, -0.005710
100.000000, 9, 0.236175, 0.000000, -0.073408, -0.023037, 0.092783, -0.005710
100.000000, 10, 0.236175, 0.000000, -0.058592, -0.026831, 0.105366, -0.005710
100.000000, 11, 0.236175, 0.000000, -0.046697, -0.031287, 0.117458, -0.005710
100.000000, 12, 0.236175, 0.000000, -0.037147, -0.035604, 0.128151, -0.005710
100.000000, 13, 0.236175, 0.000000, -0.029481, -0.038813, 0.137131, -0.005710
100.000000, 14, 0.236175, 0.000000, -0.023326, -0.040741, 0.144509, -0.005710
100.000000, 15, 0.236175, 0.000000, -0.018385, -0.041880, 0.150556, -0.005710
100.000000, 16, 0.236175, 0.000000, -0.014418, -0.042848, 0.155543, -0.005710
100.000000, 17, 0.236175, 0.000000, -0.011234, -0.043882, 0.159684, -0.005710
100.000000, 18, 0.236175, 0.000000, -0.008677, -0.044972, 0.163124, -0.005710
100.000000, 19, 0.236175, 0.000000, -0.006624, -0.046045, 0.165970, -0.005710
100.000000, 0, 0.239262, 0.000000, -0.540716, -0.000815, 0.001398, -0.006126
100.000000, 1, 0.239262, 0.000000, -0.433837, -0.001470, 0.004871, -0.006126
100.000000, 2, 0.239262, 0.000000, -0.348033, -0.002830, 0.010165, -0.006126
100.000000, 3, 0.239262, 0.000000, -0.279149, -0.004949, 0.017692, -0.006126
100.000000, 4, 0.239262, 0.000000, -0.223847, -0.007570, 0.027562, -0.006126
100.000000, 5, 0.239262, 0.000000, -0.179449, -0.010349, 0.040044, -0.006126
100.000000, 6, 0.239262, 0.000000, -0.143806, -0.013706, 0.054061, -0.006126
100.000000, 7, 0.239262, 0.000000, -0.115192, -0.017725, 0.067488, -0.006126
100.000000, 8, 0.239262, 0.000000, -0.092219, -0.021650, 0.079788, -0.006126
100.000000, 9, 0.239262, 0.000000, -0.073777, -0.025299, 0.091993, -0.006126
100.000000, 10, 0.239262, 0.000000, -0.058971, -0.029432, 0.104459, -0.006126
100.000000, 11, 0.239262, 0.000000, -0.047084, -0.034212, 0.116369, -0.006126
100.000000, 12, 0.239262, 0.000000, -0.037541, -0.038806, 0.126895, -0.006126
100.000000, 13, 0.239262, 0.000000, -0.029880, -0.042236, 0.135754, -0.006126
100.000000, 14, 0.239262, 0.000000, -0.023730, -0.044346, 0.143050, -0.006126
100.000000, 15, 0.239262, 0.000000, -0.018792, -0.045632, 0.149035, -0.006126
100.000000, 16, 0.239262, 0.000000, -0.014828, -0.046721, 0.153973, -0.006126
100.000000, 17, 0.239262, 0.000000, -0.011646, -0.047854, 0.158072, -0.006126
100.000000, 18, 0.239262, 0.000000, -0.009091, -0.049025, 0.161477, -0.006126
100.000000, 19, 0.239262, 0.000000, -0.007040, -0.050161, 0.164294, -0.006126
100.000000, 0, 0.242350, 0.000000, -0.540757, -0.000888, 0.001387, -0.006537
100.000000, 1, 0.242350, 0.000000, -0.433952, -0.001603, 0.004831, -0.006537
100.000000, 2, 0.242350, 0.000000, -0.348207, -0.003085, 0.010077, -0.006537
100.000000, 3, 0.242350, 0.000000, -0.279370, -0.005381, 0.017530, -0.006537
100.000000, 4, 0.242350, 0.000000, -0.224106, -0.008238, 0.027322, -0.006537
100.000000, 5, 0.242350, 0.000000, -0.179740, -0.011337, 0.039681, -0.006537
100.000000, 6, 0.242350, 0.000000, -0.144122, -0.015050, 0.053490, -0.006537
100.000000, 7, 0.242350, 0.000000, -0.115527, -0.019384, 0.066739, -0.006537
100.000000, 8, 0.242350, 0.000000, -0.092570, -0.023579, 0.078981, -0.006537
100.000000, 9, 0.242350, 0.000000, -0.074140, -0.027536, 0.091144, -0.006537
100.000000, 10, 0.242350, 0.000000, -0.059344, -0.032004, 0.103480, -0.006537
100.000000, 11, 0.242350, 0.000000, -0.047466, -0.037100, 0.115205, -0.006537
100.000000, 12, 0.242350, 0.000000, -0.037930, -0.041963, 0.125564, -0.006537
100.000000, 13, 0.242350, 0.000000, -0.030274, -0.045611, 0.134300, -0.006537
100.000000, 14, 0.242350, 0.000000, -0.024128, -0.047898, 0.141510, -0.006537
100.000000, 15, 0.242350, 0.000000, -0.019194, -0.049330, 0.147432, -0.006537
100.000000, 16, 0.242350, 0.000000, -0.015232, -0.050538, 0.152318, -0.006537
100.000000, 17, 0.242350, 0.000000, -0.012052, -0.051768, 0.156375, -0.006537
100.000000, 18, 0.242350, 0.000000, -0.009499, -0.053020, 0.159745, -0.006537
100.000000, 19, 0.242350, 0.000000, -0.007449, -0.054219, 0.162533, -0.006537
100.000000, 0, 0.245437, 0.000000, -0.540797, -0.000960, 0.001375, -0.006941
100.000000, 1, 0.245437, 0.000000, -0.434065, -0.001735, 0.004790, -0.006941
100.000000, 2, 0.245437, 0.000000, -0.348379, -0.003337, 0.009983, -0.006941
100.000000, 3, 0.245437, 0.000000, -0.279589, -0.005808, 0.017359, -0.006941
100.000000, 4, 0.245437, 0.000000, -0.224363, -0.008900, 0.027067, -0.006941
100.000000, 5, 0.245437, 0.000000, -0.180026, -0.012316, 0.039293, -0.006941
100.000000, 6, 0.245437, 0.000000, -0.144432, -0.016373, 0.052889, -0.006941
100.000000, 7, 0.245437, 0.000000, -0.115857, -0.021017, 0.065959, -0.006941
100.000000, 8, 0.245437, 0.000000, -0.092916, -0.025481, 0.078134, -0.006941
100.000000, 9, 0.245437, 0.000000, -0.074499, -0.029745, 0.090237, -0.006941
100.000000, 10, 0.245437, 0.000000, -0.059713, -0.034544, 0.102430, -0.006941
100.000000, 11, 0.245437, 0.000000, -0.047843, -0.039949, 0.113967, -0.006941
100.000000, 12, 0.245437, 0.000000, -0.038313, -0.045075, 0.124158, -0.006941
100.000000, 13, 0.245437, 0.000000, -0.030663, -0.048936, 0.132770, -0.006941
100.000000, 14, 0.245437, 0.000000, -0.024521, -0.051397, 0.139891, -0.006941
100.000000, 15, 0.245437, 0.000000, -0.019590, -0.052973, 0.145746, -0.006941
100.000000, 16, 0.245437, 0.000000, -0.015631, -0.054299, 0.150581, -0.006941
100.000000, 17, 0.245437, 0.000000, -0.012453, -0.055624, 0.154594, -0.006941
100.000000, 18, 0.245437, 0.000000, -0.009902, -0.056957, 0.157928, -0.006941
100.000000, 19, 0.245437, 0.000000, -0.007853, -0.058219, 0.160687, -0.006941
100.000000, 0, 0.248524, 0.000000, -0.540837, -0.001031, 0.001362, -0.007340
100.000000, 1, 0.248524, 0.000000, -0.434177, -0.001866, 0.004745, -0.007340
100.000000, 2, 0.248524, 0.000000, -0.348548, -0.003586, 0.009883, -0.007340
100.000000, 3, 0.248524, 0.000000, -0.279804, -0.006229, 0.017179, -0.007340
100.000000, 4, 0.248524, 0.000000, -0.224615, -0.009555, 0.026797, -0.007340
100.000000, 5, 0.248524, 0.000000, -0.180309, -0.013284, 0.038879, -0.007340
100.000000, 6, 0.248524, 0.000000, -0.144739, -0.017677, 0.052259, -0.007340
100.000000, 7, 0.248524, 0.000000, -0.116182, -0.022622, 0.065151, -0.007340
100.000000, 8, 0.248524, 0.000000, -0.093257, -0.027358, 0.077246, -0.007340
100.000000, 9, 0.248524, 0.000000, -0.074852, -0.031927, 0.089272, -0.007340
100.000000, 10, 0.248524, 0.000000, -0.060076, -0.037051, 0.101312, -0.007340
100.000000, 11, 0.248524, 0.000000, -0.048214, -0.042757, 0.112657, -0.007340
100.000000, 12, 0.248524, 0.000000, -0.038691, -0.048139, 0.122679, -0.007340
100.000000, 13, 0.248524, 0.000000, -0.031045, -0.052210, 0.131165, -0.007340
100.000000, 14, 0.248524, 0.000000, -0.024907, -0.054842, 0.138194, -0.007340
100.000000, 15, 0.248524, 0.000000, -0.019980, -0.056562, 0.143980, -0.007340
100.000000, 16, 0.248524, 0.000000, -0.016024, -0.058003, 0.148761, -0.007340
100.000000, 17, 0.248524, 0.000000, -0.012848, -0.059424, 0.152729, -0.007340
100.000000, 18, 0.248524, 0.000000, -0.010298, -0.060837, 0.156027, -0.007340
100.000000, 19, 0.248524, 0.000000, -0.008251, -0.062164, 0.158756, -0.007340
100.000000, 0, 0.251611, 0.000000, -0.540876, -0.001102, 0.001348, -0.007733
100.000000, 1, 0.251611, 0.000000, -0.434287, -0.001995, 0.004697, -0.007733
100.000000, 2, 0.251611, 0.000000, -0.348715, -0.003833, 0.009778, -0.007733
100.000000, 3, 0.251611, 0.000000, -0.280016, -0.006646, 0.016989, -0.007733
100.000000, 4, 0.251611, 0.000000, -0.224864, -0.010203, 0.026510, -0.007733
100.000000, 5, 0.251611, 0.000000, -0.180587, -0.014240, 0.038441, -0.007733
100.000000, 6, 0.251611, 0.000000, -0.145040, -0.018960, 0.051602, -0.007733
100.000000, 7, 0.251611, 0.000000, -0.116503, -0.024199, 0.064313, -0.007733
100.000000, 8, 0.251611, 0.000000, -0.093593, -0.029207, 0.076318, -0.007733
100.000000, 9, 0.251611, 0.000000, -0.075200, -0.034080, 0.088252, -0.007733
100.000000, 10, 0.251611, 0.000000, -0.060434, -0.039522, 0.100128, -0.007733
100.000000, 11, 0.251611, 0.000000, -0.048580, -0.045523, 0.111279, -0.007733
100.000000, 12, 0.251611, 0.000000, -0.039063, -0.051154, 0.121130, -0.007733
100.000000, 13, 0.251611, 0.000000, -0.031422, -0.055431, 0.129485, -0.007733
100.000000, 14, 0.251611, 0.000000, -0.025289, -0.058232, 0.136420, -0.007733
100.000000, 15, 0.251611, 0.000000, -0.020364, -0.060095, 0.142135, -0.007733
100.000000, 16, 0.251611, 0.000000, -0.016411, -0.061651, 0.146858, -0.007733
100.000000, 17, 0.251611, 0.000000, -0.013237, -0.063167, 0.150781, -0.007733
100.000000, 18, 0.251611, 0.000000, -0.010689, -0.064661, 0.154041, -0.007733
100.000000, 19, 0.251611, 0.000000, -0.008644, -0.066054, 0.156741, -0.007733
100.000000, 0, 0.254699, 0.000000, -0.540915, -0.001171, 0.001334, -0.008120
100.000000, 1, 0.254699, 0.000000, -0.434395, -0.002124, 0.004647, -0.008120
100.000000, 2, 0.254699, 0.000000, -0.348879, -0.004077, 0.009667, -0.008120
100.000000, 3, 0.254699, 0.000000, -0.280225, -0.007057, 0.016791, -0.008120
100.000000, 4, 0.254699, 0.000000, -0.225109, -0.010844, 0.026208, -0.008120
100.000000, 5, 0.254699, 0.000000, -0.180861, -0.015184, 0.037978, -0.008120
100.000000, 6, 0.254699, 0.000000, -0.145337, -0.020222, 0.050918, -0.008120
100.000000, 7, 0.254699, 0.000000, -0.116819, -0.025750, 0.063447, -0.008120
100.000000, 8, 0.254699, 0.000000, -0.093923, -0.031030, 0.075349, -0.008120
100.000000, 9, 0.254699, 0.000000, -0.075543, -0.036203, 0.087176, -0.008120
100.000000, 10, 0.254699, 0.000000, -0.060786, -0.041956, 0.098880, -0.008120
100.000000, 11, 0.254699, 0.000000, -0.048940, -0.048245, 0.109833, -0.008120
100.000000, 12, 0.254699, 0.000000, -0.039429, -0.054118, 0.119511, -0.008120
100.000000, 13, 0.254699, 0.000000, -0.031794, -0.058598, 0.127734, -0.008120
100.000000, 14, 0.254699, 0.000000, -0.025664, -0.061567, 0.134570, -0.008120
100.000000, 15, 0.254699, 0.000000, -0.020743, -0.063571, 0.140210, -0.008120
100.000000, 16, 0.254699, 0.000000, -0.016792, -0.065242, 0.144875, -0.008120
100.000000, 17, 0.254699, 0.000000, -0.013620, -0.066852, 0.148749, -0.008120
100.000000, 18, 0.254699, 0.000000, -0.011074, -0.068427, 0.151971, -0.008120
100.000000, 19, 0.254699, 0.000000, -0.009030, -0.069887, 0.154640, -0.008120
100.000000, 0, 0.257786, 0.000000, -0.540953, -0.001241, 0.001318, -0.008500
100.000000, 1, 0.257786, 0.000000, -0.434501, -0.002251, 0.004595, -0.008500
100.000000, 2, 0.257786, 0.000000, -0.349040, -0.004317, 0.009550, -0.008500
100.000000, 3, 0.257786, 0.000000, -0.280431, -0.007463, 0.016584, -0.008500
100.000000, 4, 0.257786, 0.000000, -0.225350, -0.011477, 0.025891, -0.008500
100.000000, 5, 0.257786, 0.000000, -0.181130, -0.016114, 0.037493, -0.008500
100.000000, 6, 0.257786, 0.000000, -0.145630, -0.021462, 0.050208, -0.008500
100.000000, 7, 0.257786, 0.000000, -0.117130, -0.027272, 0.062552, -0.008500
100.000000, 8, 0.257786, 0.000000, -0.094249, -0.032825, 0.074341, -0.008500
100.000000, 9, 0.257786, 0.000000, -0.075880, -0.038293, 0.086046, -0.008500
100.000000, 10, 0.257786, 0.000000, -0.061133, -0.044352, 0.097569, -0.008500
100.000000, 11, 0.257786, 0.000000, -0.049294, -0.050921, 0.108323, -0.008500
100.000000, 12, 0.257786, 0.000000, -0.039790, -0.057030, 0.117826, -0.008500
100.000000, 13, 0.257786, 0.000000, -0.032159, -0.061709, 0.125912, -0.008500
100.000000, 14, 0.257786, 0.000000, -0.026033, -0.064844, 0.132645, -0.008500
100.000000, 15, 0.257786, 0.000000, -0.021115, -0.066990, 0.138208, -0.008500
100.000000, 16, 0.257786, 0.000000, -0.017167, -0.068774, 0.142810, -0.008500
100.000000, 17, 0.257786, 0.000000, -0.013997, -0.070479, 0.146634, -0.008500
100.000000, 18, 0.257786, 0.000000, -0.011453, -0.072134, 0.149815, -0.008500
100.000000, 19, 0.257786, 0.000000, -0.009410, -0.073663, 0.152451, -0.008500
100.000000, 0, 0.260873, 0.000000, -0.540990, -0.001309, 0.001302, -0.008874
100.000000, 1, 0.260873, 0.000000, -0.434606, -0.002376, 0.004539, -0.008874
100.000000, 2, 0.260873, 0.000000, -0.349199, -0.004555, 0.009429, -0.008874
100.000000, 3, 0.260873, 0.000000, -0.280633, -0.007863, 0.016368, -0.008874
100.000000, 4, 0.260873, 0.000000, -0.225587, -0.012101, 0.025559, -0.008874
100.000000, 5, 0.260873, 0.000000, -0.181395, -0.017031, 0.036985, -0.008874
100.000000, 6, 0.260873, 0.000000, -0.145917, -0.022680, 0.049473, -0.008874
100.000000, 7, 0.260873, 0.000000, -0.117435, -0.028765, 0.061628, -0.008874
100.000000, 8, 0.260873, 0.000000, -0.094569, -0.034590, 0.073293, -0.008874
100.000000, 9, 0.260873, 0.000000, -0.076212, -0.040350, 0.084863, -0.008874
100.000000, 10, 0.260873, 0.000000, -0.061474, -0.046707, 0.096198, -0.008874
100.000000, 11, 0.260873, 0.000000, -0.049643, -0.053550, 0.106750, -0.008874
100.000000, 12, 0.260873, 0.000000, -0.040144, -0.059888, 0.116075, -0.008874
100.000000, 13, 0.260873, 0.000000, -0.032518, -0.064763, 0.124020, -0.008874
100.000000, 14, 0.260873, 0.000000, -0.026397, -0.068064, 0.130648, -0.008874
100.000000, 15, 0.260873, 0.000000, -0.021482, -0.070349, 0.136129, -0.008874
100.000000, 16, 0.260873, 0.000000, -0.017536, -0.072246, 0.140666, -0.008874
100.000000, 17, 0.260873, 0.000000, -0.014368, -0.074045, 0.144437, -0.008874
100.000000, 18, 0.260873, 0.000000, -0.011825, -0.075781, 0.147574, -0.008874
100.000000, 19, 0.260873, 0.000000, -0.009784, -0.077378, 0.150175, -0.008874
100.000000, 0, 0.263960, 0.000000, -0.541027, -0.001377, 0.001286, -0.009242
100.000000, 1, 0.263960, 0.000000, -0.434709, -0.002500, 0.004481, -0.009242
100.000000, 2, 0.263960, 0.000000, -0.349355, -0.004789, 0.009302, -0.009242
100.000000, 3, 0.263960, 0.000000, -0.280832, -0.008257, 0.016144, -0.009242
100.000000, 4, 0.263960, 0.000000, -0.225820, -0.012717, 0.025212, -0.009242
100.000000, 5, 0.263960, 0.000000, -0.181656, -0.017933, 0.036455, -0.009242
100.000000, 6, 0.263960, 0.000000, -0.146200, -0.023875, 0.048714, -0.009242
100.000000, 7, 0.263960, 0.000000, -0.117735, -0.030230, 0.060677, -0.009242
100.000000, 8, 0.263960, 0.000000, -0.094884, -0.036327, 0.072204, -0.009242
100.000000, 9, 0.263960, 0.000000, -0.076538, -0.042375, 0.083626, -0.009242
100.000000, 10, 0.263960, 0.000000, -0.061809, -0.049022, 0.094768, -0.009242
100.000000, 11, 0.263960, 0.000000, -0.049985, -0.056129, 0.105115, -0.009242
100.000000, 12, 0.263960, 0.000000, -0.040492, -0.062689, 0.114260, -0.009242
100.000000, 13, 0.263960, 0.000000, -0.032872, -0.067758, 0.122062, -0.009242
100.000000, 14, 0.263960, 0.000000, -0.026753, -0.071223, 0.128580, -0.009242
100.000000, 15, 0.263960, 0.000000, -0.021842, -0.073647, 0.133975, -0.009242
100.000000, 16, 0.263960, 0.000000, -0.017898, -0.075655, 0.138443, -0.009242
100.000000, 17, 0.263960, 0.000000, -0.014733, -0.077548, 0.142156, -0.009242
100.000000, 18, 0.263960, 0.000000, -0.012191, -0.079364, 0.145247, -0.009242
100.000000, 19, 0.263960, 0.000000, -0.010151, -0.081030, 0.147811, -0.009242
100.000000, 0, 0.267048, 0.000000, -0.541063, -0.001444, 0.001268, -0.009604
100.000000, 1, 0.267048, 0.000000, -0.434810, -0.002622, 0.004421, -0.009604
100.000000, 2, 0.267048, 0.000000, -0.349509, -0.005019, 0.009170, -0.009604
100.000000, 3, 0.267048, 0.000000, -0.281027, -0.008645, 0.015911, -0.009604
100.000000, 4, 0.267048, 0.000000, -0.226049, -0.013324, 0.024851, -0.009604
100.000000, 5, 0.267048, 0.000000, -0.181912, -0.018819, 0.035903, -0.009604
100.000000, 6, 0.267048, 0.000000, -0.146477, -0.025047, 0.047931, -0.009604
100.000000, 7, 0.267048, 0.000000, -0.118030, -0.031667, 0.059696, -0.009604
100.000000, 8, 0.267048, 0.000000, -0.095192, -0.038035, 0.071076, -0.009604
100.000000, 9, 0.267048, 0.000000, -0.076858, -0.044365, 0.082339, -0.009604
100.000000, 10, 0.267048, 0.000000, -0.062138, -0.051295, 0.093281, -0.009604
100.000000, 11, 0.267048, 0.000000, -0.050321, -0.058658, 0.103420, -0.009604
100.000000, 12, 0.267048, 0.000000, -0.040835, -0.065434, 0.112381, -0.009604
100.000000, 13, 0.267048, 0.000000, -0.033218, -0.070693, 0.120037, -0.009604
100.000000, 14, 0.267048, 0.000000, -0.027104, -0.074321, 0.126441, -0.009604
100.000000, 15, 0.267048, 0.000000, -0.022195, -0.076882, 0.131746, -0.009604
100.000000, 16, 0.267048, 0.000000, -0.018254, -0.078999, 0.136141, -0.009604
100.000000, 17, 0.267048, 0.000000, -0.015091, -0.080985, 0.139794, -0.009604
100.000000, 18, 0.267048, 0.000000, -0.012551, -0.082882, 0.142835, -0.009604
100.000000, 19, 0.267048, 0.000000, -0.010512, -0.084617, 0.145360, -0.009604
100.000000, 0, 0.270135, 0.000000, -0.541098, -0.001510, 0.001250, -0.009958
100.000000, 1, 0.270135, 0.000000, -0.434909, -0.002743, 0.004358, -0.009958
100.000000, 2, 0.270135, 0.000000, -0.349659, -0.005246, 0.009033, -0.009958
100.000000, 3, 0.270135, 0.000000, -0.281219, -0.009028, 0.015670, -0.009958
100.000000, 4, 0.270135, 0.000000, -0.226273, -0.013922, 0.024475, -0.009958
100.000000, 5, 0.270135, 0.000000, -0.182163, -0.019689, 0.035331, -0.009958
100.000000, 6, 0.270135, 0.000000, -0.146750, -0.026196, 0.047124, -0.009958
100.000000, 7, 0.270135, 0.000000, -0.118320, -0.033075, 0.058689, -0.009958
100.000000, 8, 0.270135, 0.000000, -0.095495, -0.039713, 0.069909, -0.009958
100.000000, 9, 0.270135, 0.000000, -0.077172, -0.046320, 0.081002, -0.009958
100.000000, 10, 0.270135, 0.000000, -0.062461, -0.053524, 0.091738, -0.009958
100.000000, 11, 0.270135, 0.000000, -0.050651, -0.061135, 0.101665, -0.009958
100.000000, 12, 0.270135, 0.000000, -0.041170, -0.068122, 0.110441, -0.009958
100.000000, 13, 0.270135, 0.000000, -0.033559, -0.073568, 0.117949, -0.009958
100.000000, 14, 0.270135, 0.000000, -0.027448, -0.077355, 0.124235, -0.009958
100.000000, 15, 0.270135, 0.000000, -0.022542, -0.080051, 0.129445, -0.009958
100.000000, 16, 0.270135, 0.000000, -0.018604, -0.082276, 0.133761, -0.009958
100.000000, 17, 0.270135, 0.000000, -0.015442, -0.084354, 0.137350, -0.009958
100.000000, 18, 0.270135, 0.000000, -0.012903, -0.086329, 0.140338, -0.009958
100.000000, 19, 0.270135, 0.000000, -0.010865, -0.088134, 0.142819, -0.009958
100.000000, 0, 0.273222, 0.000000, -0.541133, -0.001575, 0.001231, -0.010305
100.000000, 1, 0.273222, 0.000000, -0.435006, -0.002862, 0.004292, -0.010305
100.000000, 2, 0.273222, 0.000000, -0.349806, -0.005469, 0.008891, -0.010305
100.000000, 3, 0.273222, 0.000000, -0.281406, -0.009404, 0.015421, -0.010305
100.000000, 4, 0.273222, 0.000000, -0.226493, -0.014509, 0.024085, -0.010305
100.000000, 5, 0.273222, 0.000000, -0.182408, -0.020541, 0.034739, -0.010305
100.000000, 6, 0.273222, 0.000000, -0.147016, -0.027320, 0.046295, -0.010305
100.000000, 7, 0.273222, 0.000000, -0.118603, -0.034454, 0.057653, -0.010305
100.000000, 8, 0.273222, 0.000000, -0.095792, -0.041361, 0.068704, -0.010305
100.000000, 9, 0.273222, 0.000000, -0.077479, -0.048239, 0.079617, -0.010305
100.000000, 10, 0.273222, 0.000000, -0.062778, -0.055708, 0.090141, -0.010305
100.000000, 11, 0.273222, 0.000000, -0.050975, -0.063558, 0.099853, -0.010305
100.000000, 12, 0.273222, 0.000000, -0.041499, -0.070751, 0.108442, -0.010305
100.000000, 13, 0.273222, 0.000000, -0.033892, -0.076379, 0.115797, -0.010305
100.000000, 14, 0.273222, 0.000000, -0.027785, -0.080324, 0.121961, -0.010305
100.000000, 15, 0.273222, 0.000000, -0.022882, -0.083151, 0.127071, -0.010305
100.000000, 16, 0.273222, 0.000000, -0.018946, -0.085483, 0.131306, -0.010305
100.000000, 17, 0.273222, 0.000000, -0.015786, -0.087652, 0.134826, -0.010305
100.000000, 18, 0.273222, 0.000000, -0.013249, -0.089703, 0.137758, -0.010305
100.000000, 19, 0.273222, 0.000000, -0.011212, -0.091576, 0.140193, -0.010305
100.000000, 0, 0.276309, 0.000000, -0.541167, -0.001639, 0.001212, -0.010645
100.000000, 1, 0.276309, 0.000000, -0.435102, -0.002979, 0.004224, -0.010645
100.000000, 2, 0.276309, 0.000000, -0.349951, -0.005689, 0.008744, -0.010645
100.000000, 3, 0.276309, 0.000000, -0.281590, -0.009773, 0.015163, -0.010645
100.000000, 4, 0.276309, 0.000000, -0.226709, -0.015087, 0.023682, -0.010645
100.000000, 5, 0.276309, 0.000000, -0.182649, -0.021377, 0.034128, -0.010645
100.000000, 6, 0.276309, 0.000000, -0.147278, -0.028421, 0.045444, -0.010645
100.000000, 7, 0.276309, 0.000000, -0.118881, -0.035803, 0.056591, -0.010645
100.000000, 8, 0.276309, 0.000000, -0.096083, -0.042976, 0.067463, -0.010645
100.000000, 9, 0.276309, 0.000000, -0.077781, -0.050119, 0.078186, -0.010645
100.000000, 10, 0.276309, 0.000000, -0.063087, -0.057846, 0.088491, -0.010645
100.000000, 11, 0.276309, 0.000000, -0.051291, -0.065927, 0.097985, -0.010645
100.000000, 12, 0.276309, 0.000000, -0.041821, -0.073323, 0.106385, -0.010645
100.000000, 13, 0.276309, 0.000000, -0.034218, -0.079128, 0.113585, -0.010645
100.000000, 14, 0.276309, 0.000000, -0.028115, -0.083226, 0.119621, -0.010645
100.000000, 15, 0.276309, 0.000000, -0.023215, -0.086181, 0.124627, -0.010645
100.000000, 16, 0.276309, 0.000000, -0.019281, -0.088618, 0.128775, -0.010645
100.000000, 17, 0.276309, 0.000000, -0.016122, -0.090875, 0.132224, -0.010645
100.000000, 18, 0.276309, 0.000000, -0.013587, -0.093001, 0.135097, -0.010645
100.000000, 19, 0.276309, 0.000000, -0.011552, -0.094940, 0.137482, -0.010645
100.000000, 0, 0.279397, 0.000000, -0.541200, -0.001702, 0.001191, -0.010978
100.000000, 1, 0.279397, 0.000000, -0.435195, -0.003094, 0.004153, -0.010978
100.000000, 2, 0.279397, 0.000000, -0.350092, -0.005904, 0.008593, -0.010978
100.000000, 3, 0.279397, 0.000000, -0.281769, -0.010136, 0.014898, -0.010978
100.000000, 4, 0.279397, 0.000000, -0.226919, -0.015654, 0.023265, -0.010978
100.000000, 5, 0.279397, 0.000000, -0.182885, -0.022196, 0.033499, -0.010978
100.000000, 6, 0.279397, 0.000000, -0.147533, -0.029499, 0.044571, -0.010978
100.000000, 7, 0.279397, 0.000000, -0.119152, -0.037122, 0.055503, -0.010978
100.000000, 8, 0.279397, 0.000000, -0.096367, -0.044557, 0.066186, -0.010978
100.000000, 9, 0.279397, 0.000000, -0.078075, -0.051960, 0.076710, -0.010978
100.000000, 10, 0.279397, 0.000000, -0.063390, -0.059935, 0.086792, -0.010978
100.000000, 11, 0.279397, 0.000000, -0.051601, -0.068242, 0.096066, -0.010978
100.000000, 12, 0.279397, 0.000000, -0.042136, -0.075835, 0.104274, -0.010978
100.000000, 13, 0.279397, 0.000000, -0.034537, -0.081811, 0.111313, -0.010978
100.000000, 14, 0.279397, 0.000000, -0.028437, -0.086059, 0.117217, -0.010978
100.000000, 15, 0.279397, 0.000000, -0.023540, -0.089139, 0.122115, -0.010978
100.000000, 16, 0.279397, 0.000000, -0.019608, -0.091678, 0.126173, -0.010978
100.000000, 17, 0.279397, 0.000000, -0.016452, -0.094021, 0.129547, -0.010978
100.000000, 18, 0.279397, 0.000000, -0.013918, -0.096220, 0.132357, -0.010978
100.000000, 19, 0.279397, 0.000000, -0.011884, -0.098223, 0.134690, -0.010978
100.000000, 0, 0.282484, 0.000000, -0.541233, -0.001764, 0.001171, -0.011302
100.000000, 1, 0.282484, 0.000000, -0.435285, -0.003207, 0.004080, -0.011302
100.000000, 2, 0.282484, 0.000000, -0.350229, -0.006116, 0.008437, -0.011302
100.000000, 3, 0.282484, 0.000000, -0.281945, -0.010492, 0.014625, -0.011302
100.000000, 4, 0.282484, 0.000000, -0.227125, -0.016210, 0.022835, -0.011302
100.000000, 5, 0.282484, 0.000000, -0.183115, -0.022998, 0.032852, -0.011302
100.000000, 6, 0.282484, 0.000000, -0.147782, -0.030552, 0.043678, -0.011302
100.000000, 7, 0.282484, 0.000000, -0.119417, -0.038411, 0.054389, -0.011302
100.000000, 8, 0.282484, 0.000000, -0.096645, -0.046105, 0.064875, -0.011302
100.000000, 9, 0.282484, 0.000000, -0.078363, -0.053761, 0.075190, -0.011302
100.000000, 10, 0.282484, 0.000000, -0.063686, -0.061976, 0.085044, -0.011302
100.000000, 11, 0.282484, 0.000000, -0.051903, -0.070502, 0.094096, -0.011302
100.000000, 12, 0.282484, 0.000000, -0.042444, -0.078286, 0.102109, -0.011302
100.000000, 13, 0.282484, 0.000000, -0.034849, -0.084428, 0.108983, -0.011302
100.000000, 14, 0.282484, 0.000000, -0.028753, -0.088821, 0.114751, -0.011302
100.000000, 15, 0.282484, 0.000000, -0.023858, -0.092023, 0.119536, -0.011302
100.000000, 16, 0.282484, 0.000000, -0.019928, -0.094662, 0.123501, -0.011302
100.000000, 17, 0.282484, 0.000000, -0.016774, -0.097089, 0.126797, -0.011302
100.000000, 18, 0.282484, 0.000000, -0.014241, -0.099356, 0.129542, -0.011302
100.000000, 19, 0.282484, 0.000000, -0.012208, -0.101422, 0.131820, -0.011302
100.000000, 0, 0.285571, 0.000000, -0.541264, -0.001825, 0.001149, -0.011620
100.000000, 1, 0.285571, 0.000000, -0.435374, -0.003318, 0.004004, -0.011620
100.000000, 2, 0.285571, 0.000000, -0.350364, -0.006323, 0.008276, -0.011620
100.000000, 3, 0.285571, 0.000000, -0.282116, -0.010841, 0.014344, -0.011620
100.000000, 4, 0.285571, 0.000000, -0.227326, -0.016755, 0.022392, -0.011620
100.000000, 5, 0.285571, 0.000000, -0.183339, -0.023781, 0.032187, -0.011620
100.000000, 6, 0.285571, 0.000000, -0.148026, -0.031581, 0.042765, -0.011620
100.000000, 7, 0.285571, 0.000000, -0.119676, -0.039670, 0.053250, -0.011620
100.000000, 8, 0.285571, 0.000000, -0.096916, -0.047618, 0.063530, -0.011620
100.000000, 9, 0.285571, 0.000000, -0.078644, -0.055520, 0.073628, -0.011620
100.000000, 10, 0.285571, 0.000000, -0.063975, -0.063969, 0.083249, -0.011620
100.000000, 11, 0.285571, 0.000000, -0.052198, -0.072706, 0.092078, -0.011620
100.000000, 12, 0.285571, 0.000000, -0.042744, -0.080674, 0.099892, -0.011620
100.000000, 13, 0.285571, 0.000000, -0.035154, -0.086977, 0.106598, -0.011620
100.000000, 14, 0.285571, 0.000000, -0.029060, -0.091511, 0.112225, -0.011620
100.000000, 15, 0.285571, 0.000000, -0.024168, -0.094831, 0.116895, -0.011620
100.000000, 16, 0.285571, 0.000000, -0.020241, -0.097567, 0.120763, -0.011620
100.000000, 17, 0.285571, 0.000000, -0.017088, -0.100075, 0.123979, -0.011620
100.000000, 18, 0.285571, 0.000000, -0.014557, -0.102408, 0.126655, -0.011620
100.000000, 19, 0.285571, 0.000000, -0.012524, -0.104532, 0.128876, -0.011620
100.000000, 0, 0.288659, 0.000000, -0.541295, -0.001885, 0.001127, -0.011929
100.000000, 1, 0.288659, 0.000000, -0.435461, -0.003427, 0.003926, -0.011929
100.000000, 2, 0.288659, 0.000000, -0.350495, -0.006527, 0.008111, -0.011929
100.000000, 3, 0.288659, 0.000000, -0.282283, -0.011182, 0.014055, -0.011929
100.000000, 4, 0.288659, 0.000000, -0.227522, -0.017288, 0.021937, -0.011929
100.000000, 5, 0.288659, 0.000000, -0.183558, -0.024547, 0.031506, -0.011929
100.000000, 6, 0.288659, 0.000000, -0.148264, -0.032585, 0.041831, -0.011929
100.000000, 7, 0.288659, 0.000000, -0.119928, -0.040898, 0.052087, -0.011929
100.000000, 8, 0.288659, 0.000000, -0.097180, -0.049095, 0.062152, -0.011929
100.000000, 9, 0.288659, 0.000000, -0.078918, -0.057237, 0.072024, -0.011929
100.000000, 10, 0.288659, 0.000000, -0.064257, -0.065912, 0.081411, -0.011929
100.000000, 11, 0.288659, 0.000000, -0.052486, -0.074853, 0.090014, -0.011929
100.000000, 12, 0.288659, 0.000000, -0.043037, -0.082998, 0.097625, -0.011929
100.000000, 13, 0.288659, 0.000000, -0.035451, -0.089457, 0.104158, -0.011929
100.000000, 14, 0.288659, 0.000000, -0.029360, -0.094127, 0.109642, -0.011929
100.000000, 15, 0.288659, 0.000000, -0.024471, -0.097562, 0.114193, -0.011929
100.000000, 16, 0.288659, 0.000000, -0.020545, -0.100393, 0.117962, -0.011929
100.000000, 17, 0.288659, 0.000000, -0.017394, -0.102978, 0.121095, -0.011929
100.000000, 18, 0.288659, 0.000000, -0.014864, -0.105373, 0.123700, -0.011929
100.000000, 19, 0.288659, 0.000000, -0.012833, -0.107553, 0.125863, -0.011929
100.000000, 0, 0.291746, 0.000000, -0.541325, -0.001944, 0.001104, -0.012230
100.000000, 1, 0.291746, 0.000000, -0.435545, -0.003534, 0.003846, -0.012230
100.000000, 2, 0.291746, 0.000000, -0.350623, -0.006726, 0.007941, -0.012230
100.000000, 3, 0.291746, 0.000000, -0.282446, -0.011517, 0.013759, -0.012230
100.000000, 4, 0.291746, 0.000000, -0.227712, -0.017810, 0.021470, -0.012230
100.000000, 5, 0.291746, 0.000000, -0.183771, -0.025294, 0.030809, -0.012230
100.000000, 6, 0.291746, 0.000000, -0.148495, -0.033564, 0.040879, -0.012230
100.000000, 7, 0.291746, 0.000000, -0.120174, -0.042095, 0.050899, -0.012230
100.000000, 8, 0.291746, 0.000000, -0.097438, -0.050535, 0.060742, -0.012230
100.000000, 9, 0.291746, 0.000000, -0.079185, -0.058911, 0.070381, -0.012230
100.000000, 10, 0.291746, 0.000000, -0.064531, -0.067805, 0.079529, -0.012230
100.000000, 11, 0.291746, 0.000000, -0.052767, -0.076942, 0.087905, -0.012230
100.000000, 12, 0.291746, 0.000000, -0.043322, -0.085258, 0.095310, -0.012230
100.000000, 13, 0.291746, 0.000000, -0.035740, -0.091867, 0.101667, -0.012230
100.000000, 14, 0.291746, 0.000000, -0.029652, -0.096669, 0.107005, -0.012230
100.000000, 15, 0.291746, 0.000000, -0.024765, -0.100215, 0.111434, -0.012230
100.000000, 16, 0.291746, 0.000000, -0.020842, -0.103137, 0.115102, -0.012230
100.000000, 17, 0.291746, 0.000000, -0.017692, -0.105796, 0.118149, -0.012230
100.000000, 18, 0.291746, 0.000000, -0.015164, -0.108251, 0.120683, -0.012230
100.000000, 19, 0.291746, 0.000000, -0.013134, -0.110481, 0.122784, -0.012230
100.000000, 0, 0.294833, 0.000000, -0.541354, -0.002001, 0.001081, -0.012523
100.000000, 1, 0.294833, 0.000000, -0.435627, -0.003638, 0.003764, -0.012523
100.000000, 2, 0.294833, 0.000000, -0.350747, -0.006920, 0.007767, -0.012523
100.000000, 3, 0.294833, 0.000000, -0.282604, -0.011844, 0.013456, -0.012523
100.000000, 4, 0.294833, 0.000000, -0.227898, -0.018319, 0.020991, -0.012523
100.000000, 5, 0.294833, 0.000000, -0.183979, -0.026022, 0.030097, -0.012523
100.000000, 6, 0.294833, 0.000000, -0.148720, -0.034517, 0.039908, -0.012523
100.000000, 7, 0.294833, 0.000000, -0.120413, -0.043261, 0.049688, -0.012523
100.000000, 8, 0.294833, 0.000000, -0.097688, -0.051937, 0.059301, -0.012523
100.000000, 9, 0.294833, 0.000000, -0.079444, -0.060541, 0.068700, -0.012523
100.000000, 10, 0.294833, 0.000000, -0.064798, -0.069648, 0.077607, -0.012523
100.000000, 11, 0.294833, 0.000000, -0.053039, -0.078972, 0.085752, -0.012523
100.000000, 12, 0.294833, 0.000000, -0.043599, -0.087451, 0.092949, -0.012523
100.000000, 13, 0.294833, 0.000000, -0.036021, -0.094206, 0.099127, -0.012523
100.000000, 14, 0.294833, 0.000000, -0.029937, -0.099136, 0.104316, -0.012523
100.000000, 15, 0.294833, 0.000000, -0.025052, -0.102789, 0.108621, -0.012523
100.000000, 16, 0.294833, 0.000000, -0.021131, -0.105800, 0.112186, -0.012523
100.000000, 17, 0.294833, 0.000000, -0.017983, -0.108529, 0.115146, -0.012523
100.000000, 18, 0.294833, 0.000000, -0.015455, -0.111039, 0.117606, -0.012523
100.000000, 19, 0.294833, 0.000000, -0.013426, -0.113317, 0.119645, -0.012523
100.000000, 0, 0.297920, 0.000000, -0.541383, -0.002058, 0.001057, -0.012808
100.000000, 1, 0.297920, 0.000000, -0.435707, -0.003741, 0.003680, -0.012808
100.000000, 2, 0.297920, 0.000000, -0.350868, -0.007110, 0.007589, -0.012808
100.000000, 3, 0.297920, 0.000000, -0.282758, -0.012163, 0.013146, -0.012808
100.000000, 4, 0.297920, 0.000000, -0.228078, -0.018817, 0.020501, -0.012808
100.000000, 5, 0.297920, 0.000000, -0.184181, -0.026732, 0.029369, -0.012808
100.000000, 6, 0.297920, 0.000000, -0.148939, -0.035444, 0.038920, -0.012808
100.000000, 7, 0.297920, 0.000000, -0.120646, -0.044396, 0.048455, -0.012808
100.000000, 8, 0.297920, 0.000000, -0.097932, -0.053301, 0.057830, -0.012808
100.000000, 9, 0.297920, 0.000000, -0.079697, -0.062127, 0.066982, -0.012808
100.000000, 10, 0.297920, 0.000000, -0.065057, -0.071440, 0.075644, -0.012808
100.000000, 11, 0.297920, 0.000000, -0.053305, -0.080943, 0.083556, -0.012808
100.000000, 12, 0.297920, 0.000000, -0.043869, -0.089579, 0.090542, -0.012808
100.000000, 13, 0.297920, 0.000000, -0.036294, -0.096474, 0.096540, -0.012808
100.000000, 14, 0.297920, 0.000000, -0.030213, -0.101528, 0.101579, -0.012808
100.000000, 15, 0.297920, 0.000000, -0.025331, -0.105283, 0.105759, -0.012808
100.000000, 16, 0.297920, 0.000000, -0.021412, -0.108379, 0.109218, -0.012808
100.000000, 17, 0.297920, 0.000000, -0.018265, -0.111176, 0.112090, -0.012808
100.000000, 18, 0.297920, 0.000000, -0.015739, -0.113737, 0.114474, -0.012808
100.000000, 19, 0.297920, 0.000000, -0.013711, -0.116058, 0.116450, -0.012808
100.000000, 0, 0.301008, 0.000000, -0.541410, -0.002113, 0.001032, -0.013084
100.000000, 1, 0.301008, 0.000000, -0.435784, -0.003841, 0.003593, -0.013084
100.000000, 2, 0.301008, 0.000000, -0.350985, -0.007296, 0.007407, -0.013084
100.000000, 3, 0.301008, 0.000000, -0.282908, -0.012475, 0.012829, -0.013084
100.000000, 4, 0.301008, 0.000000, -0.228254, -0.019301, 0.019999, -0.013084
100.000000, 5, 0.301008, 0.000000, -0.184377, -0.027422, 0.028628, -0.013084
100.000000, 6, 0.301008, 0.000000, -0.149151, -0.036345, 0.037913, -0.013084
100.000000, 7, 0.301008, 0.000000, -0.120872, -0.045499, 0.047199, -0.013084
100.000000, 8, 0.301008, 0.000000, -0.098169, -0.054626, 0.056329, -0.013084
100.000000, 9, 0.301008, 0.000000, -0.079942, -0.063669, 0.065229, -0.013084
100.000000, 10, 0.301008, 0.000000, -0.065309, -0.073180, 0.073644, -0.013084
100.000000, 11, 0.301008, 0.000000, -0.053562, -0.082854, 0.081320, -0.013084
100.000000, 12, 0.301008, 0.000000, -0.044131, -0.091639, 0.088093, -0.013084
100.000000, 13, 0.301008, 0.000000, -0.036560, -0.098671, 0.093910, -0.013084
100.000000, 14, 0.301008, 0.000000, -0.030482, -0.103843, 0.098797, -0.013084
100.000000, 15, 0.301008, 0.000000, -0.025602, -0.107696, 0.102849, -0.013084
100.000000, 16, 0.301008, 0.000000, -0.021684, -0.110874, 0.106201, -0.013084
100.000000, 17, 0.301008, 0.000000, -0.018539, -0.113735, 0.108983, -0.013084
100.000000, 18, 0.301008, 0.000000, -0.016014, -0.116344, 0.111292, -0.013084
100.000000, 19, 0.301008, 0.000000, -0.013987, -0.118705, 0.113204, -0.013084
100.000000, 0, 0.304095, 0.000000, -0.541437, -0.002167, 0.001007, -0.013353
100.000000, 1, 0.304095, 0.000000, -0.435859, -0.003938, 0.003505, -0.013353
100.000000, 2, 0.304095, 0.000000, -0.351099, -0.007477, 0.007221, -0.013353
100.000000, 3, 0.304095, 0.000000, -0.283053, -0.012779, 0.012506, -0.013353
100.000000, 4, 0.304095, 0.000000, -0.228424, -0.019773, 0.019487, -0.013353
100.000000, 5, 0.304095, 0.000000, -0.184567, -0.028093, 0.027872, -0.013353
100.000000, 6, 0.304095, 0.000000, -0.149358, -0.037220, 0.036890, -0.013353
100.000000, 7, 0.304095, 0.000000, -0.121091, -0.046571, 0.045921, -0.013353
100.000000, 8, 0.304095, 0.000000, -0.098398, -0.055910, 0.054801, -0.013353
100.000000, 9, 0.304095, 0.000000, -0.080180, -0.065165, 0.063443, -0.013353
100.000000, 10, 0.304095, 0.000000, -0.065554, -0.074868, 0.071606, -0.013353
100.000000, 11, 0.304095, 0.000000, -0.053812, -0.084705, 0.079045, -0.013353
100.000000, 12, 0.304095, 0.000000, -0.044386, -0.093632, 0.085604, -0.013353
100.000000, 13, 0.304095, 0.000000, -0.036818, -0.100797, 0.091237, -0.013353
100.000000, 14, 0.304095, 0.000000, -0.030742, -0.106082, 0.095971, -0.013353
100.000000, 15, 0.304095, 0.000000, -0.025865, -0.110029, 0.099895, -0.013353
100.000000, 16, 0.304095, 0.000000, -0.021949, -0.113285, 0.103139, -0.013353
100.000000, 17, 0.304095, 0.000000, -0.018805, -0.116207, 0.105830, -0.013353
100.000000, 18, 0.304095, 0.000000, -0.016281, -0.118862, 0.108063, -0.013353
100.000000, 19, 0.304095, 0.000000, -0.014255, -0.121257, 0.109910, -0.013353
100.000000, 0, 0.307182, 0.000000, -0.541463, -0.002219, 0.000982, -0.013613
100.000000, 1, 0.307182, 0.000000, -0.435932, -0.004033, 0.003414, -0.013613
100.000000, 2, 0.307182, 0.000000, -0.351210, -0.007653, 0.007031, -0.013613
100.000000, 3, 0.307182, 0.000000, -0.283193, -0.013074, 0.012175, -0.013613
100.000000, 4, 0.307182, 0.000000, -0.228589, -0.020232, 0.018965, -0.013613
100.000000, 5, 0.307182, 0.000000, -0.184751, -0.028744, 0.027103, -0.013613
100.000000, 6, 0.307182, 0.000000, -0.149558, -0.038067, 0.035851, -0.013613
100.000000, 7, 0.307182, 0.000000, -0.121304, -0.047611, 0.044622, -0.013613
100.000000, 8, 0.307182, 0.000000, -0.098621, -0.057155, 0.053246, -0.013613
100.000000, 9, 0.307182, 0.000000, -0.080411, -0.066615, 0.061625, -0.013613
100.000000, 10, 0.307182, 0.000000, -0.065791, -0.076503, 0.069532, -0.013613
100.000000, 11, 0.307182, 0.000000, -0.054055, -0.086494, 0.076731, -0.013613
100.000000, 12, 0.307182, 0.000000, -0.044632, -0.095558, 0.083076, -0.013613
100.000000, 13, 0.307182, 0.000000, -0.037068, -0.102852, 0.088525, -0.013613
100.000000, 14, 0.307182, 0.000000, -0.030995, -0.108245, 0.093105, -0.013613
100.000000, 15, 0.307182, 0.000000, -0.026119, -0.112281, 0.096899, -0.013613
100.000000, 16, 0.307182, 0.000000, -0.022205, -0.115612, 0.100034, -0.013613
100.000000, 17, 0.307182, 0.000000, -0.019063, -0.118591, 0.102634, -0.013613
100.000000, 18, 0.307182, 0.000000, -0.016540, -0.121289, 0.104790, -0.013613
100.000000, 19, 0.307182, 0.000000, -0.014515, -0.123717, 0.106573, -0.013613
100.000000, 0, 0.310269, 0.000000, -0.541488, -0.002271, 0.000955, -0.013865
100.000000, 1, 0.310269, 0.000000, -0.436003, -0.004126, 0.003322, -0.013865
100.000000, 2, 0.310269, 0.000000, -0.351317, -0.007824, 0.006838, -0.013865
100.000000, 3, 0.310269, 0.000000, -0.283330, -0.013362, 0.011839, -0.013865
100.000000, 4, 0.310269, 0.000000, -0.228748, -0.020677, 0.018432, -0.013865
100.000000, 5, 0.310269, 0.000000, -0.184930, -0.029376, 0.026321, -0.013865
100.000000, 6, 0.310269, 0.000000, -0.149751, -0.038888, 0.034796, -0.013865
100.000000, 7, 0.310269, 0.000000, -0.121509, -0.048619, 0.043304, -0.013865
100.000000, 8, 0.310269, 0.000000, -0.098836, -0.058358, 0.051665, -0.013865
100.000000, 9, 0.310269, 0.000000, -0.080634, -0.068018, 0.059776, -0.013865
100.000000, 10, 0.310269, 0.000000, -0.066021, -0.078084, 0.067425, -0.013865
100.000000, 11, 0.310269, 0.000000, -0.054289, -0.088222, 0.074382, -0.013865
100.000000, 12, 0.310269, 0.000000, -0.044871, -0.097417, 0.080511, -0.013865
100.000000, 13, 0.310269, 0.000000, -0.037310, -0.104834, 0.085775, -0.013865
100.000000, 14, 0.310269, 0.000000, -0.031239, -0.110331, 0.090200, -0.013865
100.000000, 15, 0.310269, 0.000000, -0.026366, -0.114452, 0.093864, -0.013865
100.000000, 16, 0.310269, 0.000000, -0.022454, -0.117854, 0.096890, -0.013865
100.000000, 17, 0.310269, 0.000000, -0.019313, -0.120889, 0.099397, -0.013865
100.000000, 18, 0.310269, 0.000000, -0.016791, -0.123628, 0.101476, -0.013865
100.000000, 19, 0.310269, 0.000000, -0.014767, -0.126085, 0.103196, -0.013865
100.000000, 0, 0.313357, 0.000000, -0.541513, -0.002320, 0.000929, -0.014109
100.000000, 1, 0.313357, 0.000000, -0.436071, -0.004216, 0.003227, -0.014109
100.000000, 2, 0.313357, 0.000000, -0.351420, -0.007990, 0.006640, -0.014109
100.000000, 3, 0.313357, 0.000000, -0.283461, -0.013641, 0.011496, -0.014109
100.000000, 4, 0.313357, 0.000000, -0.228903, -0.021109, 0.017890, -0.014109
100.000000, 5, 0.313357, 0.000000, -0.185102, -0.029987, 0.025526, -0.014109
100.000000, 6, 0.313357, 0.000000, -0.149939, -0.039681, 0.033726, -0.014109
100.000000, 7, 0.313357, 0.000000, -0.121709, -0.049594, 0.041965, -0.014109
100.000000, 8, 0.313357, 0.000000, -0.099045, -0.059519, 0.050059, -0.014109
100.000000, 9, 0.313357, 0.000000, -0.080850, -0.069373, 0.057897, -0.014109
100.000000, 10, 0.313357, 0.000000, -0.066243, -0.079610, 0.065284, -0.014109
100.000000, 11, 0.313357, 0.000000, -0.054517, -0.089889, 0.071998, -0.014109
100.000000, 12, 0.313357, 0.000000, -0.045102, -0.099209, 0.077911, -0.014109
100.000000, 13, 0.313357, 0.000000, -0.037544, -0.106744, 0.082989, -0.014109
100.000000, 14, 0.313357, 0.000000, -0.031476, -0.112341, 0.087257, -0.014109
100.000000, 15, 0.313357, 0.000000, -0.026605, -0.116542, 0.090791, -0.014109
100.000000, 16, 0.313357, 0.000000, -0.022694, -0.120011, 0.093707, -0.014109
100.000000, 17, 0.313357, 0.000000, -0.019555, -0.123100, 0.096122, -0.014109
100.000000, 18, 0.313357, 0.000000, -0.017034, -0.125878, 0.098124, -0.014109
100.000000, 19, 0.313357, 0.000000, -0.015011, -0.128364, 0.099781, -0.014109
100.000000, 0, 0.316444, 0.000000, -0.541536, -0.002369, 0.000901, -0.014345
100.000000, 1, 0.316444, 0.000000, -0.436137, -0.004303, 0.003131, -0.014345
100.000000, 2, 0.316444, 0.000000, -0.351520, -0.008151, 0.006440, -0.014345
100.000000, 3, 0.316444, 0.000000, -0.283589, -0.013911, 0.011147, -0.014345
100.000000, 4, 0.316444, 0.000000, -0.229052, -0.021527, 0.017338, -0.014345
100.000000, 5, 0.316444, 0.000000, -0.185270, -0.030579, 0.024720, -0.014345
100.000000, 6, 0.316444, 0.000000, -0.150120, -0.040446, 0.032641, -0.014345
100.000000, 7, 0.316444, 0.000000, -0.121901, -0.050537, 0.040607, -0.014345
100.000000, 8, 0.316444, 0.000000, -0.099247, -0.060639, 0.048429, -0.014345
100.000000, 9, 0.316444, 0.000000, -0.081059, -0.070681, 0.055990, -0.014345
100.000000, 10, 0.316444, 0.000000, -0.066458, -0.081080, 0.063112, -0.014345
100.000000, 11, 0.316444, 0.000000, -0.054736, -0.091495, 0.069581, -0.014345
100.000000, 12, 0.316444, 0.000000, -0.045326, -0.100933, 0.075277, -0.014345
100.000000, 13, 0.316444, 0.000000, -0.037770, -0.108581, 0.080169, -0.014345
100.000000, 14, 0.316444, 0.000000, -0.031705, -0.114274, 0.084280, -0.014345
100.000000, 15, 0.316444, 0.000000, -0.026836, -0.118552, 0.087681, -0.014345
100.000000, 16, 0.316444, 0.000000, -0.022927, -0.122084, 0.090487, -0.014345
100.000000, 17, 0.316444, 0.000000, -0.019788, -0.125224, 0.092810, -0.014345
100.000000, 18, 0.316444, 0.000000, -0.017269, -0.128042, 0.094736, -0.014345
100.000000, 19, 0.316444, 0.000000, -0.015246, -0.130553, 0.096329, -0.014345
100.000000, 0, 0.319531, 0.000000, -0.541559, -0.002416, 0.000873, -0.014573
100.000000, 1, 0.319531, 0.000000, -0.436201, -0.004388, 0.003033, -0.014573
100.000000, 2, 0.319531, 0.000000, -0.351617, -0.008307, 0.006236, -0.014573
100.000000, 3, 0.319531, 0.000000, -0.283712, -0.014173, 0.010792, -0.014573
100.000000, 4, 0.319531, 0.000000, -0.229197, -0.021931, 0.016777, -0.014573
100.000000, 5, 0.319531, 0.000000, -0.185431, -0.031149, 0.023902, -0.014573
100.000000, 6, 0.319531, 0.000000, -0.150295, -0.041184, 0.031542, -0.014573
100.000000, 7, 0.319531, 0.000000, -0.122087, -0.051446, 0.039231, -0.014573
100.000000, 8, 0.319531, 0.000000, -0.099442, -0.061716, 0.046776, -0.014573
100.000000, 9, 0.319531, 0.000000, -0.081261, -0.071940, 0.054056, -0.014573
100.000000, 10, 0.319531, 0.000000, -0.066666, -0.082495, 0.060910, -0.014573
100.000000, 11, 0.319531, 0.000000, -0.054948, -0.093039, 0.067133, -0.014573
100.000000, 12, 0.319531, 0.000000, -0.045541, -0.102591, 0.072611, -0.014573
100.000000, 13, 0.319531, 0.000000, -0.037989, -0.110346, 0.077315, -0.014573
100.000000, 14, 0.319531, 0.000000, -0.031926, -0.116130, 0.081268, -0.014573
100.000000, 15, 0.319531, 0.000000, -0.027059, -0.120481, 0.084538, -0.014573
100.000000, 16, 0.319531, 0.000000, -0.023151, -0.124074, 0.087233, -0.014573
100.000000, 17, 0.319531, 0.000000, -0.020014, -0.127262, 0.089464, -0.014573
100.000000, 18, 0.319531, 0.000000, -0.017495, -0.130119, 0.091314, -0.014573
100.000000, 19, 0.319531, 0.000000, -0.015474, -0.132654, 0.092844, -0.014573
100.000000, 0, 0.322618, 0.000000, -0.541581, -0.002461, 0.000845, -0.014793
100.000000, 1, 0.322618, 0.000000, -0.436262, -0.004470, 0.002934, -0.014793
100.000000, 2, 0.322618, 0.000000, -0.351710, -0.008458, 0.006029, -0.014793
100.000000, 3, 0.322618, 0.000000, -0.283831, -0.014426, 0.010432, -0.014793
100.000000, 4, 0.322618, 0.000000, -0.229336, -0.022320, 0.016208, -0.014793
100.000000, 5, 0.322618, 0.000000, -0.185586, -0.031699, 0.023073, -0.014793
100.000000, 6, 0.322618, 0.000000, -0.150464, -0.041894, 0.030429, -0.014793
100.000000, 7, 0.322618, 0.000000, -0.122267, -0.052322, 0.037838, -0.014793
100.000000, 8, 0.322618, 0.000000, -0.099629, -0.062751, 0.045101, -0.014793
100.000000, 9, 0.322618, 0.000000, -0.081456, -0.073149, 0.052098, -0.014793
100.000000, 10, 0.322618, 0.000000, -0.066866, -0.083854, 0.058680, -0.014793
100.000000, 11, 0.322618, 0.000000, -0.055153, -0.094521, 0.064655, -0.014793
100.000000, 12, 0.322618, 0.000000, -0.045749, -0.104181, 0.069914, -0.014793
100.000000, 13, 0.322618, 0.000000, -0.038200, -0.112037, 0.074429, -0.014793
100.000000, 14, 0.322618, 0.000000, -0.032139, -0.117910, 0.078222, -0.014793
100.000000, 15, 0.322618, 0.000000, -0.027274, -0.122330, 0.081360, -0.014793
100.000000, 16, 0.322618, 0.000000, -0.023368, -0.125980, 0.083946, -0.014793
100.000000, 17, 0.322618, 0.000000, -0.020232, -0.129216, 0.086085, -0.014793
100.000000, 18, 0.322618, 0.000000, -0.017714, -0.132110, 0.087859, -0.014793
100.000000, 19, 0.322618, 0.000000, -0.015693, -0.134670, 0.089327, -0.014793
100.000000, 0, 0.325706, 0.000000, -0.541602, -0.002506, 0.000816, -0.015005
100.000000, 1, 0.325706, 0.000000, -0.436321, -0.004549, 0.002832, -0.015005
100.000000, 2, 0.325706, 0.000000, -0.351800, -0.008604, 0.005819, -0.015005
100.000000, 3, 0.325706, 0.000000, -0.283945, -0.014671, 0.010066, -0.015005
100.000000, 4, 0.325706, 0.000000, -0.229470, -0.022696, 0.015631, -0.015005
100.000000, 5, 0.325706, 0.000000, -0.185736, -0.032228, 0.022233, -0.015005
100.000000, 6, 0.325706, 0.000000, -0.150626, -0.042576, 0.029304, -0.015005
100.000000, 7, 0.325706, 0.000000, -0.122439, -0.053163, 0.036427, -0.015005
100.000000, 8, 0.325706, 0.000000, -0.099810, -0.063743, 0.043405, -0.015005
100.000000, 9, 0.325706, 0.000000, -0.081643, -0.074308, 0.050115, -0.015005
100.000000, 10, 0.325706, 0.000000, -0.067059, -0.085155, 0.056424, -0.015005
100.000000, 11, 0.325706, 0.000000, -0.055350, -0.095942, 0.062148, -0.015005
100.000000, 12, 0.325706, 0.000000, -0.045950, -0.105704, 0.067188, -0.015005
100.000000, 13, 0.325706, 0.000000, -0.038403, -0.113655, 0.071512, -0.015005
100.000000, 14, 0.325706, 0.000000, -0.032345, -0.119613, 0.075145, -0.015005
100.000000, 15, 0.325706, 0.000000, -0.027481, -0.124098, 0.078151, -0.015005
100.000000, 16, 0.325706, 0.000000, -0.023576, -0.127803, 0.080626, -0.015005
100.000000, 17, 0.325706, 0.000000, -0.020441, -0.131085, 0.082673, -0.015005
100.000000, 18, 0.325706, 0.000000, -0.017925, -0.134017, 0.084371, -0.015005
100.000000, 19, 0.325706, 0.000000, -0.015904, -0.136602, 0.085777, -0.015005
100.000000, 0, 0.328793, 0.000000, -0.541622, -0.002548, 0.000787, -0.015208
100.000000, 1, 0.328793, 0.000000, -0.436378, -0.004626, 0.002730, -0.015208
100.000000, 2, 0.328793, 0.000000, -0.351886, -0.008745, 0.005605, -0.015208
100.000000, 3, 0.328793, 0.000000, -0.284055, -0.014906, 0.009694, -0.015208
100.000000, 4, 0.328793, 0.000000, -0.229599, -0.023057, 0.015046, -0.015208
100.000000, 5, 0.328793, 0.000000, -0.185880, -0.032736, 0.021384, -0.015208
100.000000, 6, 0.328793, 0.000000, -0.150783, -0.043229, 0.028167, -0.015208
100.000000, 7, 0.328793, 0.000000, -0.122606, -0.053970, 0.035001, -0.015208
100.000000, 8, 0.328793, 0.000000, -0.099984, -0.064693, 0.041689, -0.015208
100.000000, 9, 0.328793, 0.000000, -0.081824, -0.075417, 0.048110, -0.015208
100.000000, 10, 0.328793, 0.000000, -0.067244, -0.086400, 0.054142, -0.015208
100.000000, 11, 0.328793, 0.000000, -0.055539, -0.097299, 0.059615, -0.015208
100.000000, 12, 0.328793, 0.000000, -0.046143, -0.107158, 0.064433, -0.015208
100.000000, 13, 0.328793, 0.000000, -0.038599, -0.115200, 0.068566, -0.015208
100.000000, 14, 0.328793, 0.000000, -0.032542, -0.121239, 0.072038, -0.015208
100.000000, 15, 0.328793, 0.000000, -0.027680, -0.125788, 0.074911, -0.015208
100.000000, 16, 0.328793, 0.000000, -0.023777, -0.129544, 0.077276, -0.015208
100.000000, 17, 0.328793, 0.000000, -0.020643, -0.132870, 0.079231, -0.015208
100.000000, 18, 0.328793, 0.000000, -0.018127, -0.135839, 0.080852, -0.015208
100.000000, 19, 0.328793, 0.000000, -0.016108, -0.138449, 0.082196, -0.015208
100.000000, 0, 0.331880, 0.000000, -0.541642, -0.002589, 0.000757, -0.015404
100.000000, 1, 0.331880, 0.000000, -0.436433, -0.004699, 0.002625, -0.015404
100.000000, 2, 0.331880, 0.000000, -0.351969, -0.008880, 0.005389, -0.015404
100.000000, 3, 0.331880, 0.000000, -0.284161, -0.015132, 0.009318, -0.015404
100.000000, 4, 0.331880, 0.000000, -0.229723, -0.023403, 0.014453, -0.015404
100.000000, 5, 0.331880, 0.000000, -0.186019, -0.033223, 0.020525, -0.015404
100.000000, 6, 0.331880, 0.000000, -0.150933, -0.043854, 0.027017, -0.015404
100.000000, 7, 0.331880, 0.000000, -0.122765, -0.054741, 0.033559, -0.015404
100.000000, 8, 0.331880, 0.000000, -0.100152, -0.065600, 0.039955, -0.015404
100.000000, 9, 0.331880, 0.000000, -0.081997, -0.076475, 0.046083, -0.015404
100.000000, 10, 0.331880, 0.000000, -0.067422, -0.087587, 0.051837, -0.015404
100.000000, 11, 0.331880, 0.000000, -0.055721, -0.098594, 0.057056, -0.015404
100.000000, 12, 0.331880, 0.000000, -0.046328, -0.108545, 0.061651, -0.015404
100.000000, 13, 0.331880, 0.000000, -0.038786, -0.116670, 0.065591, -0.015404
100.000000, 14, 0.331880, 0.000000, -0.032732, -0.122788, 0.068901, -0.015404
100.000000, 15, 0.331880, 0.000000, -0.027872, -0.127398, 0.071640, -0.015404
100.000000, 16, 0.331880, 0.000000, -0.023969, -0.131202, 0.073895, -0.015404
100.000000, 17, 0.331880, 0.000000, -0.020837, -0.134571, 0.075757, -0.015404
100.000000, 18, 0.331880, 0.000000, -0.018322, -0.137577, 0.077303, -0.015404
100.000000, 19, 0.331880, 0.000000, -0.016303, -0.140214, 0.078584, -0.015404
100.000000, 0, 0.334967, 0.000000, -0.541661, -0.002628, 0.000727, -0.015591
100.000000, 1, 0.334967, 0.000000, -0.436485, -0.004770, 0.002520, -0.015591
100.000000, 2, 0.334967, 0.000000, -0.352049, -0.009009, 0.005170, -0.015591
100.000000, 3, 0.334967, 0.000000, -0.284262, -0.015349, 0.008937, -0.015591
100.000000, 4, 0.334967, 0.000000, -0.229841, -0.023735, 0.013853, -0.015591
100.000000, 5, 0.334967, 0.000000, -0.186152, -0.033688, 0.019656, -0.015591
100.000000, 6, 0.334967, 0.000000, -0.151077, -0.044451, 0.025857, -0.015591
100.000000, 7, 0.334967, 0.000000, -0.122918, -0.055478, 0.032102, -0.015591
100.000000, 8, 0.334967, 0.000000, -0.100312, -0.066463, 0.038202, -0.015591
100.000000, 9, 0.334967, 0.000000, -0.082163, -0.077481, 0.044037, -0.015591
100.000000, 10, 0.334967, 0.000000, -0.067593, -0.088716, 0.049509, -0.015591
100.000000, 11, 0.334967, 0.000000, -0.055896, -0.099825, 0.054473, -0.015591
100.000000, 12, 0.334967, 0.000000, -0.046505, -0.109862, 0.058843, -0.015591
100.000000, 13, 0.334967, 0.000000, -0.038966, -0.118067, 0.062589, -0.015591
100.000000, 14, 0.334967, 0.000000, -0.032914, -0.124259, 0.065736, -0.015591
100.000000, 15, 0.334967, 0.000000, -0.028055, -0.128928, 0.068341, -0.015591
100.000000, 16, 0.334967, 0.000000, -0.024154, -0.132779, 0.070485, -0.015591
100.000000, 17, 0.334967, 0.000000, -0.021022, -0.136187, 0.072254, -0.015591
100.000000, 18, 0.334967, 0.000000, -0.018508, -0.139230, 0.073723, -0.015591
100.000000, 19, 0.334967, 0.000000, -0.016490, -0.141894, 0.074941, -0.015591
100.000000, 0, 0.338055, 0.000000, -0.541679, -0.002666, 0.000696, -0.015770
100.000000, 1, 0.338055, 0.000000, -0.436536, -0.004838, 0.002413, -0.015770
100.000000, 2, 0.338055, 0.000000, -0.352125, -0.009133, 0.004948, -0.015770
100.000000, 3, 0.338055, 0.000000, -0.284359, -0.015557, 0.008551, -0.015770
100.000000, 4, 0.338055, 0.000000, -0.229955, -0.024051, 0.013246, -0.015770
100.000000, 5, 0.338055, 0.000000, -0.186279, -0.034132, 0.018779, -0.015770
100.000000, 6, 0.338055, 0.000000, -0.151214, -0.045019, 0.024686, -0.015770
100.000000, 7, 0.338055, 0.000000, -0.123064, -0.056178, 0.030632, -0.015770
100.000000, 8, 0.338055, 0.000000, -0.100465, -0.067284, 0.036433, -0.015770
100.000000, 9, 0.338055, 0.000000, -0.082322, -0.078436, 0.041973, -0.015770
100.000000, 10, 0.338055, 0.000000, -0.067756, -0.089787, 0.047161, -0.015770
100.000000, 11, 0.338055, 0.000000, -0.056063, -0.100992, 0.051867, -0.015770
100.000000, 12, 0.338055, 0.000000, -0.046675, -0.111111, 0.056011, -0.015770
100.000000, 13, 0.338055, 0.000000, -0.039138, -0.119389, 0.059562, -0.015770
100.000000, 14, 0.338055, 0.000000, -0.033088, -0.125653, 0.062545, -0.015770
100.000000, 15, 0.338055, 0.000000, -0.028230, -0.130379, 0.065015, -0.015770
100.000000, 16, 0.338055, 0.000000, -0.024331, -0.134272, 0.067047, -0.015770
100.000000, 17, 0.338055, 0.000000, -0.021200, -0.137719, 0.068723, -0.015770
100.000000, 18, 0.338055, 0.000000, -0.018687, -0.140798, 0.070113, -0.015770
100.000000, 19, 0.338055, 0.000000, -0.016669, -0.143490, 0.071267, -0.015770
100.000000, 0, 0.341142, 0.000000, -0.541696, -0.002702, 0.000665, -0.015941
100.000000, 1, 0.341142, 0.000000, -0.436583, -0.004903, 0.002304, -0.015941
100.000000, 2, 0.341142, 0.000000, -0.352198, -0.009252, 0.004724, -0.015941
100.000000, 3, 0.341142, 0.000000, -0.284451, -0.015755, 0.008161, -0.015941
100.000000, 4, 0.341142, 0.000000, -0.230063, -0.024353, 0.012633, -0.015941
100.000000, 5, 0.341142, 0.000000, -0.186400, -0.034554, 0.017894, -0.015941
100.000000, 6, 0.341142, 0.000000, -0.151346, -0.045559, 0.023506, -0.015941
100.000000, 7, 0.341142, 0.000000, -0.123204, -0.056843, 0.029149, -0.015941
100.000000, 8, 0.341142, 0.000000, -0.100611, -0.068062, 0.034649, -0.015941
100.000000, 9, 0.341142, 0.000000, -0.082473, -0.079339, 0.039891, -0.015941
100.000000, 10, 0.341142, 0.000000, -0.067912, -0.090798, 0.044794, -0.015941
100.000000, 11, 0.341142, 0.000000, -0.056222, -0.102095, 0.049241, -0.015941
100.000000, 12, 0.341142, 0.000000, -0.046837, -0.112291, 0.053156, -0.015941
100.000000, 13, 0.341142, 0.000000, -0.039302, -0.120638, 0.056512, -0.015941
100.000000, 14, 0.341142, 0.000000, -0.033254, -0.126970, 0.059329, -0.015941
100.000000, 15, 0.341142, 0.000000, -0.028398, -0.131749, 0.061662, -0.015941
100.000000, 16, 0.341142, 0.000000, -0.024499, -0.135683, 0.063582, -0.015941
100.000000, 17, 0.341142, 0.000000, -0.021369, -0.139166, 0.065164, -0.015941
100.000000, 18, 0.341142, 0.000000, -0.018857, -0.142280, 0.066475, -0.015941
100.000000, 19, 0.341142, 0.000000, -0.016839, -0.144999, 0.067563, -0.015941
100.000000, 0, 0.344229, 0.000000, -0.541712, -0.002737, 0.000634, -0.016104
100.000000, 1, 0.344229, 0.000000, -0.436629, -0.004964, 0.002195, -0.016104
100.000000, 2, 0.344229, 0.000000, -0.352267, -0.009365, 0.004498, -0.016104
100.000000, 3, 0.344229, 0.000000, -0.284539, -0.015943, 0.007767, -0.016104
100.000000, 4, 0.344229, 0.000000, -0.230166, -0.024639, 0.012014, -0.016104
100.000000, 5, 0.344229, 0.000000, -0.186515, -0.034954, 0.017001, -0.016104
100.000000, 6, 0.344229, 0.000000, -0.151471, -0.046071, 0.022316, -0.016104
100.000000, 7, 0.344229, 0.000000, -0.123337, -0.057471, 0.027654, -0.016104
100.000000, 8, 0.344229, 0.000000, -0.100750, -0.068798, 0.032849, -0.016104
100.000000, 9, 0.344229, 0.000000, -0.082618, -0.080190, 0.037792, -0.016104
100.000000, 10, 0.344229, 0.000000, -0.068060, -0.091751, 0.042408, -0.016104
100.000000, 11, 0.344229, 0.000000, -0.056373, -0.103133, 0.046594, -0.016104
100.000000, 12, 0.344229, 0.000000, -0.046991, -0.113402, 0.050281, -0.016104
100.000000, 13, 0.344229, 0.000000, -0.039459, -0.121812, 0.053439, -0.016104
100.000000, 14, 0.344229, 0.000000, -0.033412, -0.128207, 0.056090, -0.016104
100.000000, 15, 0.344229, 0.000000, -0.028557, -0.133038, 0.058285, -0.016104
100.000000, 16, 0.344229, 0.000000, -0.024659, -0.137011, 0.060091, -0.016104
100.000000, 17, 0.344229, 0.000000, -0.021530, -0.140528, 0.061578, -0.016104
100.000000, 18, 0.344229, 0.000000, -0.019018, -0.143673, 0.062809, -0.016104
100.000000, 19, 0.344229, 0.000000, -0.017002, -0.146420, 0.063831, -0.016104
100.000000, 0, 0.347316, 0.000000, -0.541727, -0.002770, 0.000602, -0.016258
100.000000, 1, 0.347316, 0.000000, -0.436672, -0.005023, 0.002084, -0.016258
100.000000, 2, 0.347316, 0.000000, -0.352332, -0.009472, 0.004269, -0.016258
100.000000, 3, 0.347316, 0.000000, -0.284622, -0.016122, 0.007369, -0.016258
100.000000, 4, 0.347316, 0.000000, -0.230264, -0.024911, 0.011389, -0.016258
100.000000, 5, 0.347316, 0.000000, -0.186624, -0.035332, 0.016101, -0.016258
100.000000, 6, 0.347316, 0.000000, -0.151589, -0.046553, 0.021117, -0.016258
100.000000, 7, 0.347316, 0.000000, -0.123463, -0.058063, 0.026148, -0.016258
100.000000, 8, 0.347316, 0.000000, -0.100882, -0.069490, 0.031036, -0.016258
100.000000, 9, 0.347316, 0.000000, -0.082754, -0.080988, 0.035679, -0.016258
100.000000, 10, 0.347316, 0.000000, -0.068201, -0.092644, 0.040007, -0.016258
100.000000, 11, 0.347316, 0.000000, -0.056517, -0.104106, 0.043930, -0.016258
100.000000, 12, 0.347316, 0.000000, -0.047137, -0.114444, 0.047387, -0.016258
100.000000, 13, 0.347316, 0.000000, -0.039607, -0.122912, 0.050347, -0.016258
100.000000, 14, 0.347316, 0.000000, -0.033561, -0.129366, 0.052829, -0.016258
100.000000, 15, 0.347316, 0.000000, -0.028708, -0.134245, 0.054885, -0.016258
100.000000, 16, 0.347316, 0.000000, -0.024811, -0.138256, 0.056576, -0.016258
100.000000, 17, 0.347316, 0.000000, -0.021683, -0.141803, 0.057966, -0.016258
100.000000, 18, 0.347316, 0.000000, -0.019172, -0.144978, 0.059116, -0.016258
100.000000, 19, 0.347316, 0.000000, -0.017156, -0.147752, 0.060070, -0.016258
100.000000, 0, 0.350404, 0.000000, -0.541742, -0.002801, 0.000570, -0.016404
100.000000, 1, 0.350404, 0.000000, -0.436713, -0.005079, 0.001972, -0.016404
100.000000, 2, 0.350404, 0.000000, -0.352394, -0.009574, 0.004037, -0.016404
100.000000, 3, 0.350404, 0.000000, -0.284701, -0.016292, 0.006967, -0.016404
100.000000, 4, 0.350404, 0.000000, -0.230356, -0.025167, 0.010759, -0.016404
100.000000, 5, 0.350404, 0.000000, -0.186727, -0.035688, 0.015194, -0.016404
100.000000, 6, 0.350404, 0.000000, -0.151701, -0.047007, 0.019910, -0.016404
100.000000, 7, 0.350404, 0.000000, -0.123582, -0.058617, 0.024631, -0.016404
100.000000, 8, 0.350404, 0.000000, -0.101007, -0.070139, 0.029210, -0.016404
100.000000, 9, 0.350404, 0.000000, -0.082883, -0.081734, 0.033552, -0.016404
100.000000, 10, 0.350404, 0.000000, -0.068334, -0.093478, 0.037590, -0.016404
100.000000, 11, 0.350404, 0.000000, -0.056653, -0.105015, 0.041250, -0.016404
100.000000, 12, 0.350404, 0.000000, -0.047275, -0.115415, 0.044475, -0.016404
100.000000, 13, 0.350404, 0.000000, -0.039747, -0.123937, 0.047236, -0.016404
100.000000, 14, 0.350404, 0.000000, -0.033703, -0.130446, 0.049549, -0.016404
100.000000, 15, 0.350404, 0.000000, -0.028850, -0.135370, 0.051464, -0.016404
100.000000, 16, 0.350404, 0.000000, -0.024955, -0.139415, 0.053038, -0.016404
100.000000, 17, 0.350404, 0.000000, -0.021828, -0.142990, 0.054331, -0.016404
100.000000, 18, 0.350404, 0.000000, -0.019317, -0.146192, 0.055399, -0.016404
100.000000, 19, 0.350404, 0.000000, -0.017301, -0.148991, 0.056283, -0.016404
100.000000, 0, 0.353491, 0.000000, -0.541755, -0.002831, 0.000538, -0.016541
100.000000, 1, 0.353491, 0.000000, -0.436751, -0.005131, 0.001859, -0.016541
100.000000, 2, 0.353491, 0.000000, -0.352452, -0.009669, 0.003804, -0.016541
100.000000, 3, 0.353491, 0.000000, -0.284775, -0.016451, 0.006561, -0.016541
100.000000, 4, 0.353491, 0.000000, -0.230443, -0.025407, 0.010124, -0.016541
100.000000, 5, 0.353491, 0.000000, -0.186824, -0.036022, 0.014281, -0.016541
100.000000, 6, 0.353491, 0.000000, -0.151807, -0.047433, 0.018696, -0.016541
100.000000, 7, 0.353491, 0.000000, -0.123694, -0.059135, 0.023105, -0.016541
100.000000, 8, 0.353491, 0.000000, -0.101124, -0.070745, 0.027373, -0.016541
100.000000, 9, 0.353491, 0.000000, -0.083005, -0.082428, 0.031412, -0.016541
100.000000, 10, 0.353491, 0.000000, -0.068458, -0.094253, 0.035160, -0.016541
100.000000, 11, 0.353491, 0.000000, -0.056780, -0.105858, 0.038554, -0.016541
100.000000, 12, 0.353491, 0.000000, -0.047405, -0.116317, 0.041547, -0.016541
100.000000, 13, 0.353491, 0.000000, -0.039878, -0.124887, 0.044108, -0.016541
100.000000, 14, 0.353491, 0.000000, -0.033836, -0.131445, 0.046250, -0.016541
100.000000, 15, 0.353491, 0.000000, -0.028985, -0.136412, 0.048023, -0.016541
100.000000, 16, 0.353491, 0.000000, -0.025090, -0.140489, 0.049479, -0.016541
100.000000, 17, 0.353491, 0.000000, -0.021964, -0.144089, 0.050674, -0.016541
100.000000, 18, 0.353491, 0.000000, -0.019453, -0.147315, 0.051658, -0.016541
100.000000, 19, 0.353491, 0.000000, -0.017438, -0.150138, 0.052472, -0.016541
100.000000, 0, 0.356578, 0.000000, -0.541768, -0.002858, 0.000505, -0.016669
100.000000, 1, 0.356578, 0.000000, -0.436787, -0.005181, 0.001744, -0.016669
100.000000, 2, 0.356578, 0.000000, -0.352506, -0.009759, 0.003569, -0.016669
100.000000, 3, 0.356578, 0.000000, -0.284845, -0.016601, 0.006152, -0.016669
100.000000, 4, 0.356578, 0.000000, -0.230524, -0.025633, 0.009485, -0.016669
100.000000, 5, 0.356578, 0.000000, -0.186915, -0.036334, 0.013363, -0.016669
100.000000, 6, 0.356578, 0.000000, -0.151905, -0.047829, 0.017474, -0.016669
100.000000, 7, 0.356578, 0.000000, -0.123798, -0.059615, 0.021570, -0.016669
100.000000, 8, 0.356578, 0.000000, -0.101234, -0.071308, 0.025526, -0.016669
100.000000, 9, 0.356578, 0.000000, -0.083119, -0.083070, 0.029261, -0.016669
100.000000, 10, 0.356578, 0.000000, -0.068575, -0.094967, 0.032717, -0.016669
100.000000, 11, 0.356578, 0.000000, -0.056900, -0.106635, 0.035846, -0.016669
100.000000, 12, 0.356578, 0.000000, -0.047527, -0.117149, 0.038605, -0.016669
100.000000, 13, 0.356578, 0.000000, -0.040002, -0.125762, 0.040964, -0.016669
100.000000, 14, 0.356578, 0.000000, -0.033960, -0.132364, 0.042936, -0.016669
100.000000, 15, 0.356578, 0.000000, -0.029110, -0.137370, 0.044564, -0.016669
100.000000, 16, 0.356578, 0.000000, -0.025217, -0.141476, 0.045901, -0.016669
100.000000, 17, 0.356578, 0.000000, -0.022091, -0.145099, 0.046997, -0.016669
100.000000, 18, 0.356578, 0.000000, -0.019581, -0.148346, 0.047896, -0.016669
100.000000, 19, 0.356578, 0.000000, -0.017567, -0.151190, 0.048638, -0.016669
100.000000, 0, 0.359665, 0.000000, -0.541780, -0.002884, 0.000472, -0.016789
100.000000, 1, 0.359665, 0.000000, -0.436821, -0.005227, 0.001629, -0.016789
100.000000, 2, 0.359665, 0.000000, -0.352557, -0.009844, 0.003332, -0.016789
100.000000, 3, 0.359665, 0.000000, -0.284909, -0.016740, 0.005740, -0.016789
100.000000, 4, 0.359665, 0.000000, -0.230600, -0.025842, 0.008841, -0.016789
100.000000, 5, 0.359665, 0.000000, -0.187000, -0.036624, 0.012439, -0.016789
100.000000, 6, 0.359665, 0.000000, -0.151997, -0.048197, 0.016247, -0.016789
100.000000, 7, 0.359665, 0.000000, -0.123896, -0.060059, 0.020028, -0.016789
100.000000, 8, 0.359665, 0.000000, -0.101336, -0.071827, 0.023669, -0.016789
100.000000, 9, 0.359665, 0.000000, -0.083225, -0.083659, 0.027100, -0.016789
100.000000, 10, 0.359665, 0.000000, -0.068685, -0.095622, 0.030264, -0.016789
100.000000, 11, 0.359665, 0.000000, -0.057011, -0.107348, 0.033127, -0.016789
100.000000, 12, 0.359665, 0.000000, -0.047640, -0.117911, 0.035651, -0.016789
100.000000, 13, 0.359665, 0.000000, -0.040117, -0.126562, 0.037808, -0.016789
100.000000, 14, 0.359665, 0.000000, -0.034077, -0.133201, 0.039606, -0.016789
100.000000, 15, 0.359665, 0.000000, -0.029227, -0.138243, 0.041089, -0.016789
100.000000, 16, 0.359665, 0.000000, -0.025335, -0.142375, 0.042305, -0.016789
100.000000, 17, 0.359665, 0.000000, -0.022209, -0.146018, 0.043300, -0.016789
100.000000, 18, 0.359665, 0.000000, -0.019700, -0.149283, 0.044114, -0.016789
100.000000, 19, 0.359665, 0.000000, -0.017686, -0.152146, 0.044783, -0.016789
100.000000, 0, 0.362753, 0.000000, -0.541791, -0.002909, 0.000438, -0.016900
100.000000, 1, 0.362753, 0.000000, -0.436852, -0.005270, 0.001514, -0.016900
100.000000, 2, 0.362753, 0.000000, -0.352604, -0.009922, 0.003094, -0.016900
100.000000, 3, 0.362753, 0.000000, -0.284969, -0.016870, 0.005326, -0.016900
100.000000, 4, 0.362753, 0.000000, -0.230670, -0.026037, 0.008193, -0.016900
100.000000, 5, 0.362753, 0.000000, -0.187079, -0.036891, 0.011511, -0.016900
100.000000, 6, 0.362753, 0.000000, -0.152082, -0.048537, 0.015013, -0.016900
100.000000, 7, 0.362753, 0.000000, -0.123987, -0.060465, 0.018479, -0.016900
100.000000, 8, 0.362753, 0.000000, -0.101431, -0.072303, 0.021804, -0.016900
100.000000, 9, 0.362753, 0.000000, -0.083323, -0.084197, 0.024929, -0.016900
100.000000, 10, 0.362753, 0.000000, -0.068785, -0.096217, 0.027802, -0.016900
100.000000, 11, 0.362753, 0.000000, -0.057115, -0.107994, 0.030397, -0.016900
100.000000, 12, 0.362753, 0.000000, -0.047745, -0.118601, 0.032686, -0.016900
100.000000, 13, 0.362753, 0.000000, -0.040223, -0.127287, 0.034639, -0.016900
100.000000, 14, 0.362753, 0.000000, -0.034184, -0.133958, 0.036264, -0.016900
100.000000, 15, 0.362753, 0.000000, -0.029336, -0.139031, 0.037600, -0.016900
100.000000, 16, 0.362753, 0.000000, -0.025444, -0.143186, 0.038694, -0.016900
100.000000, 17, 0.362753, 0.000000, -0.022319, -0.146845, 0.039587, -0.016900
100.000000, 18, 0.362753, 0.000000, -0.019811, -0.150124, 0.040314, -0.016900
100.000000, 19, 0.362753, 0.000000, -0.017797, -0.153003, 0.040910, -0.016900
100.000000, 0, 0.365840, 0.000000, -0.541801, -0.002931, 0.000405, -0.017002
100.000000, 1, 0.365840, 0.000000, -0.436880, -0.005310, 0.001397, -0.017002
100.000000, 2, 0.365840, 0.000000, -0.352648, -0.009994, 0.002853, -0.017002
100.000000, 3, 0.365840, 0.000000, -0.285024, -0.016990, 0.004908, -0.017002
100.000000, 4, 0.365840, 0.000000, -0.230735, -0.026215, 0.007542, -0.017002
100.000000, 5, 0.365840, 0.000000, -0.187151, -0.037136, 0.010578, -0.017002
100.000000, 6, 0.365840, 0.000000, -0.152161, -0.048847, 0.013774, -0.017002
100.000000, 7, 0.365840, 0.000000, -0.124070, -0.060834, 0.016923, -0.017002
100.000000, 8, 0.365840, 0.000000, -0.101518, -0.072735, 0.019932, -0.017002
100.000000, 9, 0.365840, 0.000000, -0.083413, -0.084683, 0.022751, -0.017002
100.000000, 10, 0.365840, 0.000000, -0.068878, -0.096752, 0.025332, -0.017002
100.000000, 11, 0.365840, 0.000000, -0.057209, -0.108575, 0.027660, -0.017002
100.000000, 12, 0.365840, 0.000000, -0.047841, -0.119220, 0.029711, -0.017002
100.000000, 13, 0.365840, 0.000000, -0.040321, -0.127936, 0.031460, -0.017002
100.000000, 14, 0.365840, 0.000000, -0.034283, -0.134633, 0.032910, -0.017002
100.000000, 15, 0.365840, 0.000000, -0.029436, -0.139733, 0.034099, -0.017002
100.000000, 16, 0.365840, 0.000000, -0.025544, -0.143907, 0.035070, -0.017002
100.000000, 17, 0.365840, 0.000000, -0.022420, -0.147580, 0.035860, -0.017002
100.000000, 18, 0.365840, 0.000000, -0.019912, -0.150870, 0.036501, -0.017002
100.000000, 19, 0.365840, 0.000000, -0.017898, -0.153761, 0.037022, -0.017002
100.000000, 0, 0.368927, 0.000000, -0.541811, -0.002952, 0.000371, -0.017095
100.000000, 1, 0.368927, 0.000000, -0.436906, -0.005347, 0.001279, -0.017095
100.000000, 2, 0.368927, 0.000000, -0.352687, -0.010061, 0.002612, -0.017095
100.000000, 3, 0.368927, 0.000000, -0.285074, -0.017099, 0.004489, -0.017095
100.000000, 4, 0.368927, 0.000000, -0.230794, -0.026379, 0.006888, -0.017095
100.000000, 5, 0.368927, 0.000000, -0.187217, -0.037359, 0.009641, -0.017095
100.000000, 6, 0.368927, 0.000000, -0.152232, -0.049129, 0.012530, -0.017095
100.000000, 7, 0.368927, 0.000000, -0.124146, -0.061167, 0.015362, -0.017095
100.000000, 8, 0.368927, 0.000000, -0.101598, -0.073123, 0.018053, -0.017095
100.000000, 9, 0.368927, 0.000000, -0.083496, -0.085116, 0.020565, -0.017095
100.000000, 10, 0.368927, 0.000000, -0.068963, -0.097228, 0.022855, -0.017095
100.000000, 11, 0.368927, 0.000000, -0.057296, -0.109090, 0.024915, -0.017095
100.000000, 12, 0.368927, 0.000000, -0.047929, -0.119768, 0.026729, -0.017095
100.000000, 13, 0.368927, 0.000000, -0.040410, -0.128509, 0.028273, -0.017095
100.000000, 14, 0.368927, 0.000000, -0.034373, -0.135226, 0.029548, -0.017095
100.000000, 15, 0.368927, 0.000000, -0.029527, -0.140348, 0.030588, -0.017095
100.000000, 16, 0.368927, 0.000000, -0.025636, -0.144538, 0.031435, -0.017095
100.000000, 17, 0.368927, 0.000000, -0.022512, -0.148221, 0.032122, -0.017095
100.000000, 18, 0.368927, 0.000000, -0.020004, -0.151519, 0.032675, -0.017095
100.000000, 19, 0.368927, 0.000000, -0.017991, -0.154419, 0.033122, -0.017095
100.000000, 0, 0.372014, 0.000000, -0.541819, -0.002971, 0.000337, -0.017179
100.000000, 1, 0.372014, 0.000000, -0.436930, -0.005380, 0.001161, -0.017179
100.000000, 2, 0.372014, 0.000000, -0.352723, -0.010121, 0.002369, -0.017179
100.000000, 3, 0.372014, 0.000000, -0.285120, -0.017199, 0.004067, -0.017179
100.000000, 4, 0.372014, 0.000000, -0.230847, -0.026526, 0.006230, -0.017179
100.000000, 5, 0.372014, 0.000000, -0.187276, -0.037559, 0.008702, -0.017179
100.000000, 6, 0.372014, 0.000000, -0.152296, -0.049381, 0.011283, -0.017179
100.000000, 7, 0.372014, 0.000000, -0.124214, -0.061462, 0.013797, -0.017179
100.000000, 8, 0.372014, 0.000000, -0.101669, -0.073467, 0.016169, -0.017179
100.000000, 9, 0.372014, 0.000000, -0.083570, -0.085499, 0.018374, -0.017179
100.000000, 10, 0.372014, 0.000000, -0.069039, -0.097645, 0.020373, -0.017179
100.000000, 11, 0.372014, 0.000000, -0.057374, -0.109539, 0.022166, -0.017179
100.000000, 12, 0.372014, 0.000000, -0.048009, -0.120245, 0.023742, -0.017179
100.000000, 13, 0.372014, 0.000000, -0.040490, -0.129006, 0.025080, -0.017179
100.000000, 14, 0.372014, 0.000000, -0.034455, -0.135738, 0.026180, -0.017179
100.000000, 15, 0.372014, 0.000000, -0.029609, -0.140876, 0.027071, -0.017179
100.000000, 16, 0.372014, 0.000000, -0.025718, -0.145078, 0.027793, -0.017179
100.000000, 17, 0.372014, 0.000000, -0.022595, -0.148768, 0.028375, -0.017179
100.000000, 18, 0.372014, 0.000000, -0.020088, -0.152070, 0.028841, -0.017179
100.000000, 19, 0.372014, 0.000000, -0.018075, -0.154975, 0.029212, -0.017179
100.000000, 0, 0.375102, 0.000000, -0.541827, -0.002988, 0.000302, -0.017254
100.000000, 1, 0.375102, 0.000000, -0.436951, -0.005411, 0.001042, -0.017254
100.000000, 2, 0.375102, 0.000000, -0.352754, -0.010176, 0.002125, -0.017254
100.000000, 3, 0.375102, 0.000000, -0.285160, -0.017288, 0.003643, -0.017254
100.000000, 4, 0.375102, 0.000000, -0.230894, -0.026658, 0.005570, -0.017254
100.000000, 5, 0.375102, 0.000000, -0.187329, -0.037737, 0.007759, -0.017254
100.000000, 6, 0.375102, 0.000000, -0.152354, -0.049605, 0.010031, -0.017254
100.000000, 7, 0.375102, 0.000000, -0.124275, -0.061721, 0.012227, -0.017254
100.000000, 8, 0.375102, 0.000000, -0.101733, -0.073767, 0.014281, -0.017254
100.000000, 9, 0.375102, 0.000000, -0.083636, -0.085830, 0.016179, -0.017254
100.000000, 10, 0.375102, 0.000000, -0.069108, -0.098002, 0.017888, -0.017254
100.000000, 11, 0.375102, 0.000000, -0.057444, -0.109922, 0.019412, -0.017254
100.000000, 12, 0.375102, 0.000000, -0.048080, -0.120650, 0.020750, -0.017254
100.000000, 13, 0.375102, 0.000000, -0.040562, -0.129427, 0.021883, -0.017254
100.000000, 14, 0.375102, 0.000000, -0.034527, -0.136168, 0.022808, -0.017254
100.000000, 15, 0.375102, 0.000000, -0.029682, -0.141318, 0.023550, -0.017254
100.000000, 16, 0.375102, 0.000000, -0.025792, -0.145527, 0.024146, -0.017254
100.000000, 17, 0.375102, 0.000000, -0.022669, -0.149221, 0.024624, -0.017254
100.000000, 18, 0.375102, 0.000000, -0.020162, -0.152524, 0.025002, -0.017254
100.000000, 19, 0.375102, 0.000000, -0.018150, -0.155430, 0.025299, -0.017254
100.000000, 0, 0.378189, 0.000000, -0.541833, -0.003003, 0.000268, -0.017319
100.000000, 1, 0.378189, 0.000000, -0.436969, -0.005438, 0.000923, -0.017319
100.000000, 2, 0.378189, 0.000000, -0.352782, -0.010224, 0.001879, -0.017319
100.000000, 3, 0.378189, 0.000000, -0.285196, -0.017367, 0.003218, -0.017319
100.000000, 4, 0.378189, 0.000000, -0.230936, -0.026774, 0.004908, -0.017319
100.000000, 5, 0.378189, 0.000000, -0.187376, -0.037892, 0.006814, -0.017319
100.000000, 6, 0.378189, 0.000000, -0.152404, -0.049799, 0.008777, -0.017319
100.000000, 7, 0.378189, 0.000000, -0.124329, -0.061944, 0.010654, -0.017319
100.000000, 8, 0.378189, 0.000000, -0.101790, -0.074022, 0.012390, -0.017319
100.000000, 9, 0.378189, 0.000000, -0.083695, -0.086110, 0.013981, -0.017319
100.000000, 10, 0.378189, 0.000000, -0.069168, -0.098300, 0.015400, -0.017319
100.000000, 11, 0.378189, 0.000000, -0.057505, -0.110239, 0.016657, -0.017319
100.000000, 12, 0.378189, 0.000000, -0.048142, -0.120983, 0.017757, -0.017319
100.000000, 13, 0.378189, 0.000000, -0.040626, -0.129771, 0.018684, -0.017319
100.000000, 14, 0.378189, 0.000000, -0.034591, -0.136516, 0.019434, -0.017319
100.000000, 15, 0.378189, 0.000000, -0.029746, -0.141672, 0.020027, -0.017319
100.000000, 16, 0.378189, 0.000000, -0.025857, -0.145885, 0.020498, -0.017319
100.000000, 17, 0.378189, 0.000000, -0.022735, -0.149579, 0.020871, -0.017319
100.000000, 18, 0.378189, 0.000000, -0.020228, -0.152880, 0.021162, -0.017319
100.000000, 19, 0.378189, 0.000000, -0.018216, -0.155782, 0.021385, -0.017319
100.000000, 0, 0.381276, 0.000000, -0.541839, -0.003017, 0.000233, -0.017376
100.000000, 1, 0.381276, 0.000000, -0.436985, -0.005461, 0.000803, -0.017376
100.000000, 2, 0.381276, 0.000000, -0.352806, -0.010267, 0.001633, -0.017376
100.000000, 3, 0.381276, 0.000000, -0.285226, -0.017436, 0.002791, -0.017376
100.000000, 4, 0.381276, 0.000000, -0.230972, -0.026874, 0.004244, -0.017376
100.000000, 5, 0.381276, 0.000000, -0.187416, -0.038025, 0.005867, -0.017376
100.000000, 6, 0.381276, 0.000000, -0.152448, -0.049964, 0.007521, -0.017376
100.000000, 7, 0.381276, 0.000000, -0.124375, -0.062130, 0.009079, -0.017376
100.000000, 8, 0.381276, 0.000000, -0.101838, -0.074234, 0.010497, -0.017376
100.000000, 9, 0.381276, 0.000000, -0.083745, -0.086338, 0.011780, -0.017376
100.000000, 10, 0.381276, 0.000000, -0.069219, -0.098539, 0.012910, -0.017376
100.000000, 11, 0.381276, 0.000000, -0.057558, -0.110490, 0.013901, -0.017376
100.000000, 12, 0.381276, 0.000000, -0.048196, -0.121245, 0.014763, -0.017376
100.000000, 13, 0.381276, 0.000000, -0.040680, -0.130040, 0.015486, -0.017376
100.000000, 14, 0.381276, 0.000000, -0.034646, -0.136784, 0.016060, -0.017376
100.000000, 15, 0.381276, 0.000000, -0.029802, -0.141941, 0.016505, -0.017376
100.000000, 16, 0.381276, 0.000000, -0.025913, -0.146153, 0.016851, -0.017376
100.000000, 17, 0.381276, 0.000000, -0.022791, -0.149845, 0.017120, -0.017376
100.000000, 18, 0.381276, 0.000000, -0.020285, -0.153140, 0.017325, -0.017376
100.000000, 19, 0.381276, 0.000000, -0.018272, -0.156035, 0.017475, -0.017376
100.000000, 0, 0.384363, 0.000000, -0.541844, -0.003028, 0.000199, -0.017424
100.000000, 1, 0.384363, 0.000000, -0.436998, -0.005482, 0.000683, -0.017424
100.000000, 2, 0.384363, 0.000000, -0.352827, -0.010303, 0.001387, -0.017424
100.000000, 3, 0.384363, 0.000000, -0.285252, -0.017494, 0.002363, -0.017424
100.000000, 4, 0.384363, 0.000000, -0.231002, -0.026959, 0.003578, -0.017424
100.000000, 5, 0.384363, 0.000000, -0.187450, -0.038136, 0.004919, -0.017424
100.000000, 6, 0.384363, 0.000000, -0.152485, -0.050100, 0.006263, -0.017424
100.000000, 7, 0.384363, 0.000000, -0.124414, -0.062279, 0.007502, -0.017424
100.000000, 8, 0.384363, 0.000000, -0.101879, -0.074401, 0.008602, -0.017424
100.000000, 9, 0.384363, 0.000000, -0.083787, -0.086516, 0.009578, -0.017424
100.000000, 10, 0.384363, 0.000000, -0.069263, -0.098720, 0.010420, -0.017424
100.000000, 11, 0.384363, 0.000000, -0.057603, -0.110677, 0.011145, -0.017424
100.000000, 12, 0.384363, 0.000000, -0.048241, -0.121436, 0.011771, -0.017424
100.000000, 13, 0.384363, 0.000000, -0.040726, -0.130233, 0.012290, -0.017424
100.000000, 14, 0.384363, 0.000000, -0.034693, -0.136970, 0.012690, -0.017424
100.000000, 15, 0.384363, 0.000000, -0.029849, -0.142123, 0.012988, -0.017424
100.000000, 16, 0.384363, 0.000000, -0.025960, -0.146330, 0.013209, -0.017424
100.000000, 17, 0.384363, 0.000000, -0.022838, -0.150016, 0.013375, -0.017424
100.000000, 18, 0.384363, 0.000000, -0.020332, -0.153303, 0.013495, -0.017424
100.000000, 19, 0.384363, 0.000000, -0.018320, -0.156189, 0.013575, -0.017424
100.000000, 0, 0.387451, 0.000000, -0.541847, -0.003038, 0.000164, -0.017463
100.000000, 1, 0.387451, 0.000000, -0.437009, -0.005499, 0.000563, -0.017463
100.000000, 2, 0.387451, 0.000000, -0.352843, -0.010333, 0.001139, -0.017463
100.000000, 3, 0.387451, 0.000000, -0.285273, -0.017542, 0.001934, -0.017463
100.000000, 4, 0.387451, 0.000000, -0.231027, -0.027027, 0.002912, -0.017463
100.000000, 5, 0.387451, 0.000000, -0.187477, -0.038225, 0.003970, -0.017463
100.000000, 6, 0.387451, 0.000000, -0.152515, -0.050207, 0.005004, -0.017463
100.000000, 7, 0.387451, 0.000000, -0.124446, -0.062394, 0.005924, -0.017463
100.000000, 8, 0.387451, 0.000000, -0.101912, -0.074525, 0.006707, -0.017463
100.000000, 9, 0.387451, 0.000000, -0.083822, -0.086644, 0.007377, -0.017463
100.000000, 10, 0.387451, 0.000000, -0.069298, -0.098844, 0.007932, -0.017463
100.000000, 11, 0.387451, 0.000000, -0.057639, -0.110798, 0.008392, -0.017463
100.000000, 12, 0.387451, 0.000000, -0.048278, -0.121556, 0.008783, -0.017463
100.000000, 13, 0.387451, 0.000000, -0.040763, -0.130348, 0.009099, -0.017463
100.000000, 14, 0.387451, 0.000000, -0.034730, -0.137076, 0.009327, -0.017463
100.000000, 15, 0.387451, 0.000000, -0.029887, -0.142219, 0.009478, -0.017463
100.000000, 16, 0.387451, 0.000000, -0.025998, -0.146419, 0.009576, -0.017463
100.000000, 17, 0.387451, 0.000000, -0.022877, -0.150097, 0.009639, -0.017463
100.000000, 18, 0.387451, 0.000000, -0.020371, -0.153375, 0.009674, -0.017463
100.000000, 19, 0.387451, 0.000000, -0.018359, -0.156251, 0.009685, -0.017463
100.000000, 0, 0.390538, 0.000000, -0.541850, -0.003046, 0.000129, -0.017493
100.000000, 1, 0.390538, 0.000000, -0.437017, -0.005512, 0.000442, -0.017493
100.000000, 2, 0.390538, 0.000000, -0.352856, -0.010357, 0.000891, -0.017493
100.000000, 3, 0.390538, 0.000000, -0.285289, -0.017580, 0.001504, -0.017493
100.000000, 4, 0.390538, 0.000000, -0.231046, -0.027080, 0.002244, -0.017493
100.000000, 5, 0.390538, 0.000000, -0.187498, -0.038291, 0.003020, -0.017493
100.000000, 6, 0.390538, 0.000000, -0.152538, -0.050285, 0.003744, -0.017493
100.000000, 7, 0.390538, 0.000000, -0.124470, -0.062471, 0.004346, -0.017493
100.000000, 8, 0.390538, 0.000000, -0.101938, -0.074603, 0.004812, -0.017493
100.000000, 9, 0.390538, 0.000000, -0.083848, -0.086719, 0.005176, -0.017493
100.000000, 10, 0.390538, 0.000000, -0.069325, -0.098907, 0.005445, -0.017493
100.000000, 11, 0.390538, 0.000000, -0.057666, -0.110852, 0.005644, -0.017493
100.000000, 12, 0.390538, 0.000000, -0.048306, -0.121606, 0.005800, -0.017493
100.000000, 13, 0.390538, 0.000000, -0.040792, -0.130388, 0.005914, -0.017493
100.000000, 14, 0.390538, 0.000000, -0.034759, -0.137102, 0.005971, -0.017493
100.000000, 15, 0.390538, 0.000000, -0.029916, -0.142231, 0.005977, -0.017493
100.000000, 16, 0.390538, 0.000000, -0.026028, -0.146419, 0.005952, -0.017493
100.000000, 17, 0.390538, 0.000000, -0.022906, -0.150086, 0.005914, -0.017493
100.000000, 18, 0.390538, 0.000000, -0.020400, -0.153353, 0.005866, -0.017493
100.000000, 19, 0.390538, 0.000000, -0.018389, -0.156215, 0.005807, -0.017493
100.000000, 0, 0.393625, 0.000000, -0.541853, -0.003052, 0.000094, -0.017513
100.000000, 1, 0.393625, 0.000000, -0.437023, -0.005523, 0.000321, -0.017513
100.000000, 2, 0.393625, 0.000000, -0.352865, -0.010375, 0.000643, -0.017513
100.000000, 3, 0.393625, 0.000000, -0.285301, -0.017607, 0.001073, -0.017513
100.000000, 4, 0.393625, 0.000000, -0.231059, -0.027117, 0.001576, -0.017513
100.000000, 5, 0.393625, 0.000000, -0.187513, -0.038335, 0.002069, -0.017513
100.000000, 6, 0.393625, 0.000000, -0.152554, -0.050332, 0.002484, -0.017513
100.000000, 7, 0.393625, 0.000000, -0.124487, -0.062512, 0.002768, -0.017513
100.000000, 8, 0.393625, 0.000000, -0.101956, -0.074638, 0.002919, -0.017513
100.000000, 9, 0.393625, 0.000000, -0.083867, -0.086745, 0.002978, -0.017513
100.000000, 10, 0.393625, 0.000000, -0.069344, -0.098915, 0.002963, -0.017513
100.000000, 11, 0.393625, 0.000000, -0.057686, -0.110844, 0.002900, -0.017513
100.000000, 12, 0.393625, 0.000000, -0.048326, -0.121585, 0.002825, -0.017513
100.000000, 13, 0.393625, 0.000000, -0.040812, -0.130353, 0.002739, -0.017513
100.000000, 14, 0.393625, 0.000000, -0.034779, -0.137047, 0.002626, -0.017513
100.000000, 15, 0.393625, 0.000000, -0.029936, -0.142157, 0.002488, -0.017513
100.000000, 16, 0.393625, 0.000000, -0.026048, -0.146329, 0.002342, -0.017513
100.000000, 17, 0.393625, 0.000000, -0.022927, -0.149983, 0.002202, -0.017513
100.000000, 18, 0.393625, 0.000000, -0.020421, -0.153237, 0.002071, -0.017513
100.000000, 19, 0.393625, 0.000000, -0.018409, -0.156084, 0.001945, -0.017513
